$SPEC_ID:
test1
$SPEC_REM:
DET# 1
DETDESC# DESKTOP-VMO734U digiBASE SN 56271
AP# Maestro Version 7.01
$DATE_MEA:
06/30/2022 16:30:18
$MEAS_TIM:
119 120
$DATA:
0 1023
       0
       0
       0
       0
       0
       0
       0
       0
      11
       8
      10
      15
      12
      11
       8
      10
      10
      10
       9
      12
      13
      12
      14
      11
      17
      13
      10
      16
      18
      12
      18
      24
      27
      28
      41
      42
      31
      30
      25
      17
      28
      30
      28
      19
      15
      12
      15
      12
      16
      14
      17
      21
      17
      25
      12
      15
      17
      18
      17
       9
      16
      18
      18
      19
      17
      18
      15
      18
      17
      13
      17
      13
      16
      19
      15
      17
      22
      17
      20
      14
      14
      12
      15
       6
      15
      13
      12
      20
       9
       8
      23
      11
      10
      21
       7
      18
      14
      21
      16
      14
      15
      13
      16
      16
      15
      15
      11
      10
      13
       8
      18
      23
      15
      12
      13
      12
      11
      14
      19
       7
       7
      14
       8
      14
      11
      12
      13
      21
       8
      21
      11
       9
      12
      16
       9
      15
       6
      19
       9
      13
      11
      15
      21
      19
      10
      15
       6
      18
      17
      13
       8
      17
      14
      16
       8
       7
      16
      10
      10
      11
       8
       8
       9
       8
      17
       6
      11
      13
      12
      11
      11
      11
      14
      11
      15
       8
      10
      20
       9
       6
      15
      17
       7
      11
      11
      11
      13
      12
      10
      11
      12
       9
       8
      15
       8
      15
      10
       9
      10
       7
       5
       9
       9
       8
       3
       7
      12
      11
       4
      10
       9
      11
       7
       9
       7
      10
      10
       8
       3
      14
      10
       8
      10
      13
      15
       4
       1
       6
      11
       8
       8
       7
       6
      10
      10
      10
       9
       6
       6
       9
       5
       8
       7
       2
      13
       9
      10
       5
       7
       6
       8
       9
      11
       3
       5
       8
       7
       6
      10
       4
       4
       5
       4
       6
       3
       6
       9
       3
       5
       8
       9
      10
       7
       5
       2
       2
       5
       6
       7
       4
       7
       7
       4
       4
       2
       6
       3
       5
       3
       4
       2
       7
       3
       4
       8
       1
       5
       4
       3
       6
       3
       5
       3
       3
       4
       5
       2
       3
       8
       2
       6
       3
       6
       5
       5
       6
       6
       2
       4
       2
       4
       5
       6
       4
       3
       2
       1
       3
       2
       7
       5
       4
       5
       2
       6
       5
       4
       5
       7
       6
       3
       3
       4
       5
       3
       5
       2
       1
       7
       3
       7
       3
       2
       2
       6
       4
       6
       1
       9
       4
       5
       3
       1
       5
       5
       5
       6
       4
       2
       4
       6
       2
       2
       2
       3
       8
       3
       5
       5
       2
       0
       3
       5
       2
       4
       7
       4
       7
       3
       4
       3
       4
       1
       5
       5
       3
       3
       2
       2
       4
       4
       5
       5
       5
       2
       3
       2
       2
       3
       2
       3
       4
       5
       4
       3
       4
       1
       1
       2
       4
       6
       2
       3
       0
       2
       1
       0
       2
       4
       2
       2
       2
       1
       6
       1
       1
       3
       3
       5
       5
       1
       3
       3
       2
       2
       5
       4
       2
       2
       1
       2
       1
       4
       5
       2
       0
       2
       6
       3
       3
       6
       4
       2
       3
       1
       3
       3
       3
       4
       3
       2
       5
       3
       3
       1
       1
       3
       1
       4
       0
       1
       2
       0
       0
       5
       1
       1
       3
       2
       0
       1
       2
       1
       2
       2
       5
       4
       2
       1
       0
       2
       2
       4
       2
       3
       2
       2
       2
       2
       0
       2
       2
       0
       1
       0
       1
       3
       0
       0
       0
       0
       5
       2
       4
       0
       4
       3
       3
       0
       1
       2
       1
       3
       0
       1
       3
       5
       3
       2
       1
       0
       1
       2
       0
       2
       1
       1
       0
       3
       1
       0
       0
       1
       2
       3
       2
       2
       1
       0
       2
       3
       0
       2
       2
       1
       3
       5
       0
       3
       3
       2
       2
       2
       1
       0
       2
       3
       5
       1
       0
       3
       2
       1
       2
       1
       3
       4
       4
       5
       5
       2
       0
       4
       4
       3
       1
       7
       4
       2
       4
       5
       1
       5
       3
       1
       0
       2
       2
       1
       0
       0
       1
       1
       2
       0
       0
       3
       1
       1
       0
       1
       3
       0
       1
       1
       1
       1
       1
       1
       1
       0
       0
       0
       0
       1
       1
       0
       0
       2
       0
       0
       0
       0
       2
       2
       1
       1
       1
       1
       1
       2
       0
       2
       0
       0
       2
       0
       1
       1
       2
       2
       0
       1
       1
       0
       0
       1
       1
       1
       1
       2
       0
       0
       2
       1
       2
       1
       0
       0
       0
       0
       0
       0
       1
       0
       0
       2
       2
       0
       2
       0
       0
       1
       0
       0
       0
       0
       2
       2
       1
       0
       0
       0
       1
       1
       1
       0
       0
       0
       0
       0
       0
       5
       0
       0
       0
       1
       3
       0
       0
       0
       0
       1
       1
       0
       0
       1
       1
       0
       0
       0
       1
       2
       1
       0
       0
       1
       0
       1
       0
       0
       0
       0
       0
       0
       0
       0
       1
       0
       0
       0
       1
       0
       0
       0
       0
       0
       0
       0
       0
       0
       0
       1
       1
       0
       0
       1
       1
       0
       0
       1
       0
       1
       0
       0
       1
       0
       1
       0
       0
       0
       0
       0
       1
       2
       0
       0
       1
       0
       0
       1
       0
       0
       1
       0
       2
       0
       0
       0
       1
       1
       0
       1
       0
       0
       0
       1
       0
       1
       0
       0
       1
       1
       0
       0
       1
       0
       0
       0
       1
       0
       2
       1
       0
       1
       0
       0
       0
       0
       0
       0
       0
       1
       0
       0
       2
       0
       1
       1
       0
       0
       1
       0
       1
       0
       1
       0
       1
       0
       0
       0
       1
       0
       0
       0
       1
       0
       0
       0
       0
       1
       0
       1
       0
       1
       0
       0
       0
       1
       0
       0
       0
       0
       1
       0
       0
       0
       0
       0
       0
       1
       0
       0
       0
       0
       1
       2
       1
       0
       1
       1
       2
       0
       0
       0
       0
       0
       1
       2
       0
       0
       0
       0
       0
       0
       0
       0
       0
       0
       1
       2
       0
       0
       0
       0
       1
       0
       0
       0
       0
       0
       0
       0
       0
       0
       0
       0
       1
       0
       0
       0
       1
       0
       0
       0
       0
       0
       0
       0
       0
       0
       0
       1
       0
       1
       0
       1
       0
       0
       0
       1
       0
       0
       0
       1
       0
       0
       0
       0
       0
       0
       1
       0
       0
       0
       0
       0
       0
       1
       1
       0
       0
       0
       0
       0
       0
       0
       0
       0
       0
       0
       1
       0
       0
       0
       0
       0
       0
       0
       1
       1
       1
       0
       0
       1
       1
       2
       0
       0
       0
       1
       2
       0
       0
       0
       2
       0
       0
       0
       0
       0
       1
       0
       0
       0
       0
       0
       0
       0
       0
       0
       0
       0
       0
$ROI:
0
$PRESETS:
Live Time
120
0
$ENER_FIT:
0.000000 0.000000
$MCA_CAL:
3
0.000000E+000 0.000000E+000 0.000000E+000 
$SHAPE_CAL:
3
0.000000E+000 0.000000E+000 0.000000E+000
