$SPEC_ID:
test1
$SPEC_REM:
DET# 1
DETDESC# DESKTOP-VMO734U digiBASE SN 56271
AP# Maestro Version 7.01
$DATE_MEA:
06/30/2022 16:34:58
$MEAS_TIM:
119 120
$DATA:
0 1023
       0
       0
       0
       0
       0
       0
       0
       0
       3
      11
      17
       8
      11
       9
      16
      13
       8
      12
      12
       9
      14
      17
      12
      13
      16
      16
      16
      14
      16
      22
      16
      25
      36
      26
      28
      33
      36
      20
      28
      23
      25
      24
      21
      15
      17
      30
      14
       9
      11
      24
      16
      17
      21
      25
      13
      12
      12
      28
      16
      15
      14
      19
      15
      15
      20
      16
      21
      17
      17
      14
      13
      13
      13
      20
      20
      19
      12
      12
      17
      12
      14
      17
      14
      12
      14
       9
      25
      19
      16
      14
      17
      14
      14
       8
      18
      14
      13
      18
      14
      14
      19
      21
      14
      16
      14
      11
      24
      11
      16
       9
      17
      18
      11
      11
      12
      15
      15
      12
      16
      16
      18
      13
      13
      13
      11
      19
      11
      13
      15
      12
      12
      10
      12
      14
       6
      15
       8
      12
      16
      14
      14
      12
      19
      12
       7
      20
      10
      17
      11
      18
      10
      14
      12
      10
       5
      11
      16
      15
       7
      10
       8
      12
       9
       9
      15
       7
      11
      11
       9
       9
      13
      13
      14
      12
      14
      12
      15
      11
       8
       7
       7
       5
       8
      11
       6
      14
       5
       9
       8
       7
       8
       7
      10
       7
       4
       9
      12
      12
       6
       8
      11
       7
      14
      14
       7
       8
      10
       8
       7
       5
       8
       9
       9
      11
       3
       8
       7
      13
      10
      17
      13
       4
       9
       4
       9
      11
      11
       8
       4
      12
       8
       7
       4
       5
       7
       8
       9
       9
      14
       7
       4
      13
       8
       7
      10
       6
      10
       3
       8
       6
       7
       7
       5
      11
       6
       8
       8
       5
       5
       7
       4
       5
      10
       6
       6
       2
       6
       7
       5
       4
       3
       5
       7
       8
       8
       3
       9
       2
       3
       4
       5
       3
       6
       7
       7
       5
       7
       1
       2
       4
       5
       7
       7
       6
       8
       6
       8
       3
       4
       3
       7
       5
       4
       4
       4
       1
       7
       3
       2
       6
       4
       5
       8
       5
       9
       4
       4
       5
       5
       4
       2
       4
       4
       5
       2
       5
       3
       4
       3
       5
       3
       0
       7
       3
       5
       3
       1
       5
       7
       7
       4
       4
       5
       6
       0
       4
       3
       2
       2
       3
       1
       5
       4
       2
       3
       5
       3
       4
       3
       2
       4
       4
       4
       1
       5
       6
       4
       0
       3
       2
       4
       5
       5
       2
       1
       2
       3
       3
       3
       3
       3
       5
       2
       3
       5
       2
       1
       1
       5
       2
       6
       5
       6
       5
       4
       4
       1
       3
       4
       2
       2
       4
       5
       1
       3
       1
       0
       2
       3
       3
       3
       0
       6
       1
       2
       2
       2
       0
       3
       3
       3
       1
       3
       1
       2
       3
       1
       2
       4
       2
       4
       1
       1
       6
       2
       1
       2
       3
       3
       2
       4
       1
       3
       1
       2
       2
       2
       2
       4
       7
       2
       4
       2
       1
       2
       1
       2
       2
       1
       1
       3
       2
       2
       1
       0
       2
       2
       1
       1
       1
       2
       2
       1
       3
       1
       5
       0
       1
       2
       1
       2
       1
       1
       0
       1
       1
       2
       1
       1
       2
       4
       3
       4
       3
       2
       0
       1
       2
       2
       1
       1
       0
       1
       4
       1
       0
       0
       1
       2
       1
       2
       1
       2
       5
       1
       2
       0
       1
       2
       2
       2
       2
       1
       1
       2
       1
       0
       2
       1
       3
       0
       1
       0
       1
       2
       1
       0
       0
       0
       1
       1
       1
       1
       1
       1
       0
       1
       2
       3
       1
       4
       1
       1
       1
       1
       0
       1
       2
       3
       3
       3
       2
       1
       5
       2
       4
       0
       2
       4
       1
       4
       4
       3
       1
       6
       4
       2
       2
       5
       3
       2
       2
       2
       4
       3
       2
       4
       2
       2
       3
       1
       3
       1
       4
       0
       3
       1
       2
       3
       1
       1
       1
       2
       0
       2
       0
       1
       0
       2
       0
       0
       0
       1
       2
       0
       1
       1
       1
       0
       1
       2
       1
       0
       1
       1
       1
       1
       3
       0
       0
       0
       0
       1
       0
       2
       1
       0
       2
       0
       0
       1
       0
       0
       0
       1
       4
       1
       1
       0
       0
       1
       0
       1
       0
       3
       1
       2
       2
       0
       0
       0
       2
       1
       0
       0
       0
       0
       0
       0
       1
       1
       0
       1
       0
       0
       0
       0
       0
       1
       0
       1
       1
       0
       0
       2
       1
       3
       0
       0
       1
       2
       0
       2
       1
       1
       0
       3
       0
       0
       2
       0
       0
       1
       0
       0
       1
       0
       0
       0
       1
       0
       0
       3
       0
       1
       0
       2
       1
       1
       0
       1
       1
       0
       0
       1
       0
       0
       0
       0
       0
       0
       0
       0
       0
       0
       0
       1
       0
       0
       0
       1
       0
       1
       0
       0
       0
       1
       0
       1
       0
       0
       0
       1
       0
       0
       1
       0
       1
       0
       0
       0
       0
       1
       0
       0
       1
       0
       0
       1
       0
       0
       0
       0
       0
       0
       1
       0
       0
       0
       1
       0
       0
       0
       0
       0
       0
       1
       0
       0
       0
       0
       0
       0
       0
       1
       0
       0
       0
       0
       0
       0
       0
       1
       0
       1
       0
       0
       0
       0
       0
       0
       0
       1
       0
       1
       1
       2
       0
       0
       1
       0
       1
       0
       0
       0
       0
       1
       0
       1
       0
       0
       2
       0
       0
       0
       2
       0
       0
       0
       0
       0
       0
       0
       2
       1
       0
       0
       0
       1
       0
       1
       0
       2
       0
       0
       2
       0
       0
       0
       1
       0
       0
       0
       0
       0
       0
       1
       1
       0
       0
       0
       2
       0
       0
       0
       0
       0
       0
       0
       0
       0
       0
       0
       1
       0
       0
       0
       2
       1
       1
       0
       1
       0
       2
       1
       0
       1
       0
       0
       0
       0
       0
       0
       0
       0
       0
       1
       0
       0
       0
       1
       0
       2
       0
       0
       0
       0
       0
       0
       0
       0
       0
       1
       0
       0
       0
       0
       0
       0
       0
       1
       0
       0
       0
       0
       0
       0
       1
       0
       0
       0
       0
       0
       1
       0
       0
       0
       0
       0
       0
       1
       0
       0
       0
       0
       1
       0
       0
       0
       0
       0
       0
       0
       0
       0
       0
       0
       0
       0
       0
       0
       0
       0
       1
       0
       0
       0
       1
       0
       0
       0
       0
       0
       0
       3
       0
       1
       1
       0
       1
       1
       0
       2
       0
       0
       0
       0
       0
       0
       0
       1
       0
       0
       1
       1
       0
       0
       0
       0
       0
       0
       1
       0
       0
       0
       0
       0
       1
       0
       2
       0
       1
       0
       0
$ROI:
0
$PRESETS:
Live Time
120
0
$ENER_FIT:
0.000000 0.000000
$MCA_CAL:
3
0.000000E+000 0.000000E+000 0.000000E+000 
$SHAPE_CAL:
3
0.000000E+000 0.000000E+000 0.000000E+000
