$SPEC_ID:
test1
$SPEC_REM:
DET# 1
DETDESC# DESKTOP-VMO734U digiBASE SN 56271
AP# Maestro Version 7.01
$DATE_MEA:
06/30/2022 16:37:25
$MEAS_TIM:
119 120
$DATA:
0 1023
       0
       0
       0
       0
       0
       0
       0
       1
      10
      11
      15
      10
      15
       9
       8
      18
      10
       8
      11
      16
      14
      14
      17
      14
      11
      15
      14
      15
      17
      17
      17
      25
      21
      25
      26
      36
      34
      35
      26
      23
      26
      25
      28
      23
      17
      13
      14
      22
      18
      19
      22
      20
      11
      19
      24
      25
      12
      13
      24
      20
      17
      16
      10
      17
      17
      11
      13
      13
      20
      13
      12
      20
      16
      17
      21
      15
      20
      10
      17
      17
      18
      12
      12
      16
      26
      21
      13
      15
      12
      16
      31
       7
      16
      17
      17
      17
      16
      16
      21
      16
      14
       9
      15
      13
      18
      13
       6
      13
      12
      11
      14
      16
      20
      23
      13
      19
      14
      12
      13
      16
      19
      14
      17
      15
       8
       6
      19
      10
      11
      14
      16
      19
      15
      13
       9
       9
      11
      11
      11
       9
       7
      14
      11
      10
       9
      16
      10
       8
      14
       8
      12
      16
       9
      11
      19
       8
      13
      16
      16
      12
       3
       5
      12
      15
      11
      15
      11
      11
      14
      11
      10
      14
       9
       7
       9
      13
       8
      13
      14
      13
       8
      20
       8
       9
      12
      12
       9
      10
      10
       8
      10
       4
       9
       9
       7
      12
       6
      17
       6
      15
       7
       6
       7
      10
      10
      10
      16
      10
      14
       5
      12
       5
      10
      16
       6
      11
      11
       7
       7
       4
       9
      11
       6
      10
       8
       7
       9
       8
       9
       9
       4
      10
       6
       5
       8
       8
      10
       3
       6
      10
       8
       6
      10
       7
       7
       9
       6
       7
       7
      11
      10
       4
      10
       2
       6
      12
      10
       7
       5
       9
       6
       9
       4
       4
       8
      10
       6
       8
       7
       3
       4
       3
       5
       2
       5
       4
       4
       4
       5
       3
      10
       2
       1
       2
       1
       4
       6
       5
       5
       7
       4
       6
       6
       1
       7
       8
       8
       5
       2
       5
       4
       5
       4
       6
       6
       3
       7
       3
      10
       1
       5
       4
       5
       0
       2
       4
       7
       6
       2
       3
       4
       3
      12
       2
       5
       4
       3
       4
       6
       5
       4
       4
       5
       5
       3
       3
       2
       3
       1
       7
       4
       7
       5
       3
       2
       3
       5
       6
       7
       4
       4
       4
       3
       4
       1
       2
       5
       3
       2
       2
       1
       2
       4
       3
       1
       6
       4
       2
       1
       6
       4
       2
       4
       7
       5
       7
       7
       0
       1
       2
       5
       6
       3
       1
       5
       1
       2
       1
       3
       2
       3
       4
       4
       5
       2
       3
       7
       1
       5
       2
       1
       0
       6
       4
       3
       7
       6
       0
       1
       2
       1
       4
       2
       2
       3
       1
       3
       1
       4
       1
       1
       1
       3
       3
       2
       3
       2
       1
       5
       8
       4
       6
       5
       1
       2
       5
       2
       1
       0
       3
       2
       3
       1
       1
       4
       3
       1
       4
       2
       7
       1
       3
       3
       4
       6
       2
       6
       1
       2
       2
       2
       2
       1
       3
       2
       3
       5
       2
       3
       5
       2
       2
       1
       2
       3
       1
       1
       0
       3
       1
       2
       4
       0
       3
       1
       1
       4
       2
       1
       2
       3
       3
       0
       1
       2
       2
       2
       1
       3
       2
       0
       3
       1
       0
       2
       4
       0
       2
       1
       1
       0
       0
       1
       1
       1
       2
       3
       0
       2
       2
       1
       0
       1
       1
       3
       0
       1
       1
       1
       2
       1
       0
       4
       1
       2
       2
       0
       0
       1
       2
       1
       2
       1
       3
       1
       2
       3
       1
       2
       0
       0
       2
       0
       1
       0
       4
       0
       1
       1
       2
       3
       2
       2
       1
       2
       2
       4
       3
       1
       3
       3
       3
       4
       3
       3
       1
       5
       4
       2
       2
       0
       5
       6
       2
       1
       3
       1
       3
       2
       0
       3
       0
       3
       3
       3
       2
       1
       2
       2
       1
       2
       0
       1
       1
       2
       0
       1
       2
       2
       0
       3
       0
       1
       0
       0
       1
       0
       1
       0
       0
       0
       0
       1
       2
       2
       0
       0
       2
       2
       1
       1
       0
       0
       0
       0
       0
       0
       1
       2
       1
       2
       1
       1
       0
       0
       0
       1
       2
       0
       2
       0
       1
       0
       0
       0
       0
       0
       2
       1
       1
       0
       1
       1
       0
       0
       1
       0
       2
       0
       0
       1
       0
       0
       1
       1
       0
       0
       0
       1
       1
       0
       0
       0
       3
       1
       0
       0
       0
       1
       1
       1
       1
       0
       0
       1
       1
       1
       1
       0
       0
       0
       0
       0
       0
       0
       3
       2
       2
       1
       0
       0
       0
       1
       0
       1
       1
       0
       0
       0
       1
       0
       1
       1
       0
       1
       0
       0
       0
       1
       3
       0
       1
       0
       1
       0
       0
       1
       0
       0
       0
       0
       0
       1
       0
       0
       0
       0
       0
       2
       2
       0
       1
       1
       0
       0
       1
       0
       0
       0
       0
       1
       1
       0
       0
       0
       0
       1
       1
       0
       0
       0
       1
       1
       0
       0
       0
       1
       0
       0
       0
       0
       0
       0
       1
       0
       0
       1
       1
       0
       1
       0
       0
       1
       1
       0
       0
       0
       0
       0
       1
       0
       0
       0
       0
       1
       1
       2
       0
       0
       0
       1
       0
       0
       0
       1
       0
       1
       0
       0
       1
       1
       0
       0
       0
       0
       0
       0
       0
       0
       0
       0
       0
       2
       1
       1
       0
       0
       1
       0
       0
       0
       0
       0
       1
       0
       1
       0
       0
       0
       1
       0
       0
       1
       0
       0
       1
       1
       0
       0
       1
       0
       2
       0
       1
       1
       0
       0
       0
       1
       0
       1
       0
       0
       0
       0
       0
       1
       1
       0
       1
       0
       0
       1
       0
       0
       0
       0
       0
       0
       1
       2
       0
       0
       0
       0
       1
       0
       0
       0
       0
       0
       1
       0
       1
       0
       0
       0
       1
       0
       0
       0
       1
       2
       0
       0
       0
       1
       1
       0
       0
       1
       0
       0
       0
       0
       0
       0
       0
       0
       0
       0
       0
       0
       0
       1
       1
       1
       1
       0
       0
       0
       0
       1
       0
       0
       1
       0
       0
       0
       0
       0
       0
       0
       0
       0
       0
       0
       0
       0
       0
       0
       0
       0
       0
       0
       0
       0
       0
       0
       0
       0
       0
       1
       2
       0
       0
       2
       1
       2
       0
       0
       1
       0
       0
       2
       2
       0
       0
       1
       1
       0
       0
       0
       0
       0
       0
       1
       0
       0
       1
       0
       0
       0
       2
       0
       1
       0
       1
       1
       0
       1
       0
       2
       2
       1
       1
       1
       0
       0
       0
       0
       0
       1
       0
$ROI:
0
$PRESETS:
Live Time
120
0
$ENER_FIT:
0.000000 0.000000
$MCA_CAL:
3
0.000000E+000 0.000000E+000 0.000000E+000 
$SHAPE_CAL:
3
0.000000E+000 0.000000E+000 0.000000E+000
