$SPEC_ID:
test1
$SPEC_REM:
DET# 1
DETDESC# DESKTOP-VMO734U digiBASE SN 56271
AP# Maestro Version 7.01
$DATE_MEA:
06/30/2022 17:05:01
$MEAS_TIM:
119 120
$DATA:
0 1023
       0
       0
       0
       0
       0
       0
       0
       0
      19
      52
      45
     109
     264
     769
    1403
    1551
    1411
    1029
     560
     288
     147
      89
      83
      67
      92
      96
      91
      87
      78
      68
      87
     100
     138
     180
     233
     328
     399
     454
     432
     379
     349
     288
     226
     183
     147
      82
      62
      38
      48
      36
      39
      48
      40
      48
      40
      42
      19
      55
      45
      39
      42
      41
      28
      37
      41
      45
      42
      38
      53
      51
      56
      65
      69
      45
      46
      55
      45
      52
      48
      48
      58
      38
      54
      48
      42
      45
      57
      52
      59
      42
      60
      37
      37
      43
      42
      40
      50
      41
      45
      43
      41
      48
      36
      43
      39
      21
      37
      29
      34
      32
      35
      29
      40
      38
      45
      51
      60
      65
      50
      59
      64
      71
      68
      82
      86
      81
      81
      91
      90
      82
      91
      95
      83
      90
      87
      76
      64
      56
      60
      73
      55
      72
      77
      82
      95
     123
     130
     138
     163
     190
     189
     195
     160
     193
     179
     185
     180
     186
     131
     138
     122
     127
      86
      78
      81
      56
      63
      44
      27
      33
      37
      34
      25
      21
      19
      17
      12
      19
      13
      15
       7
      14
      10
      14
      16
       7
       8
      10
      10
      15
      17
      10
       6
       8
       6
       4
       7
       6
      11
      13
       7
       7
       5
      12
       4
       8
       8
       8
       9
       9
      12
       6
      14
       6
      11
       5
       3
       7
      12
      13
       5
       6
       9
       6
      12
       8
       6
      10
      12
       9
      10
       8
       9
       6
      10
       5
       6
       6
      11
       8
       6
       9
       5
       6
       9
       2
       7
      11
       7
      10
       4
       7
      13
       6
       8
       6
       5
       8
       8
      10
       3
       6
       5
       8
      12
       4
       6
       4
       5
       6
      10
       3
       4
       5
       8
       7
       6
       6
       1
       8
       4
       7
      10
       5
       8
       4
       5
       2
       6
       2
       5
       7
       5
       2
       4
       8
       6
       2
       4
       4
       1
       8
       5
       5
       7
       3
       7
       5
       5
       3
       5
       2
       3
       6
      10
       7
       1
       5
       6
       4
       5
       2
       6
       2
       3
       1
       4
       4
       2
      10
       2
       2
       4
       2
       3
       2
       2
       3
       3
       4
       5
       6
       5
       8
       3
       3
       2
       3
       3
       1
       4
       1
       6
       2
       4
       2
       7
       2
       3
       2
       2
       5
       5
       3
       3
       7
       4
       5
       1
       4
       5
       5
       3
       4
       3
       3
       4
       3
       0
       3
       5
       4
       1
       8
       2
       3
       6
       2
       3
       6
       2
       7
       5
       3
       4
       2
       1
       1
       7
       4
       5
       1
       2
       4
       7
       3
       3
       3
       2
       4
       3
       1
       3
       3
       3
       0
       3
       3
       4
       1
       2
       0
       4
       3
       2
       1
       5
       4
       1
       3
       3
       2
       2
       2
       1
       2
       1
       2
       3
       0
       3
       4
       0
       0
       2
       3
       4
       1
       3
       2
       1
       0
       2
       2
       4
       5
       2
       3
       3
       2
       1
       4
       3
       6
       1
       1
       5
       5
       2
       0
       3
       2
       2
       3
       1
       3
       0
       0
       4
       2
       4
       0
       5
       3
       2
       1
       3
       4
       3
       1
       1
       3
       2
       1
       1
       0
       0
       2
       3
       1
       0
       1
       2
       0
       2
       0
       2
       1
       1
       1
       3
       2
       2
       1
       1
       2
       2
       1
       2
       4
       1
       3
       2
       3
       1
       4
       0
       1
       1
       4
       2
       4
       3
       1
       2
       0
       0
       2
       3
       0
       1
       1
       6
       0
       4
       0
       1
       1
       1
       3
       1
       1
       2
       1
       1
       2
       1
       1
       1
       3
       2
       3
       4
       0
       0
       1
       0
       3
       1
       1
       1
       1
       4
       4
       1
       0
       3
       2
       6
       3
       4
       0
       2
       2
       1
       5
       3
       5
       1
       2
       5
       1
       4
       2
       4
       3
       0
       1
       1
       2
       1
       2
       0
       3
       2
       2
       1
       3
       3
       2
       1
       1
       0
       3
       3
       0
       0
       0
       0
       1
       2
       0
       1
       2
       2
       1
       0
       0
       0
       1
       1
       0
       0
       1
       1
       0
       1
       0
       1
       1
       2
       0
       0
       0
       0
       1
       0
       0
       2
       0
       0
       0
       0
       0
       0
       1
       0
       1
       0
       1
       1
       0
       0
       0
       0
       0
       1
       0
       0
       1
       0
       0
       1
       0
       1
       0
       0
       1
       0
       1
       0
       0
       1
       0
       0
       0
       0
       0
       1
       3
       0
       0
       1
       1
       0
       0
       1
       0
       0
       0
       0
       0
       0
       0
       0
       0
       0
       1
       2
       0
       1
       1
       0
       1
       0
       0
       0
       0
       1
       2
       0
       0
       1
       0
       1
       0
       0
       0
       1
       2
       0
       0
       0
       1
       0
       0
       0
       1
       0
       0
       0
       0
       0
       0
       0
       0
       0
       0
       0
       0
       0
       2
       0
       0
       1
       0
       1
       2
       1
       0
       0
       2
       0
       1
       1
       1
       2
       0
       1
       0
       0
       0
       0
       0
       0
       1
       1
       0
       0
       1
       3
       0
       0
       0
       0
       0
       0
       0
       1
       0
       0
       1
       0
       0
       0
       1
       0
       0
       0
       0
       0
       0
       0
       0
       0
       1
       0
       1
       0
       0
       0
       0
       0
       1
       2
       0
       0
       0
       0
       0
       0
       1
       1
       0
       1
       2
       0
       0
       0
       0
       0
       0
       4
       0
       1
       0
       0
       0
       0
       1
       0
       0
       1
       1
       1
       0
       0
       0
       0
       0
       0
       1
       1
       2
       1
       0
       0
       0
       0
       1
       1
       0
       2
       0
       0
       0
       0
       0
       0
       0
       1
       0
       0
       0
       0
       1
       0
       0
       0
       0
       1
       1
       0
       0
       0
       0
       0
       0
       0
       1
       0
       0
       0
       1
       0
       1
       1
       0
       0
       0
       0
       1
       1
       1
       1
       0
       1
       1
       0
       0
       0
       0
       0
       0
       1
       0
       0
       0
       0
       0
       2
       0
       0
       0
       0
       0
       0
       0
       0
       0
       0
       0
       0
       0
       0
       1
       0
       0
       0
       0
       0
       0
       0
       0
       0
       0
       0
       0
       0
       0
       0
       0
       1
       0
       0
       0
       0
       0
       0
       0
       0
       0
       0
       0
       0
       0
       0
       0
       0
       0
       0
       0
       0
       0
       0
       0
       0
       0
       0
       1
       0
       0
       1
       0
       0
       0
       0
       1
       0
       0
       0
       0
       0
       0
       1
       0
       0
       0
       0
       1
       0
       1
       0
       0
       0
       0
       1
       0
       0
       0
       0
       0
       1
       0
       0
       1
       0
       1
       0
       0
       0
       0
       0
       1
$ROI:
0
$PRESETS:
Live Time
120
0
$ENER_FIT:
0.000000 0.000000
$MCA_CAL:
3
0.000000E+000 0.000000E+000 0.000000E+000 
$SHAPE_CAL:
3
0.000000E+000 0.000000E+000 0.000000E+000
