$SPEC_ID:
test1
$SPEC_REM:
DET# 1
DETDESC# DESKTOP-VMO734U digiBASE SN 56271
AP# Maestro Version 7.01
$DATE_MEA:
06/30/2022 16:41:28
$MEAS_TIM:
112 120
$DATA:
0 1023
       0
       0
       0
       0
       0
       0
       0
     124
    2400
    3779
    3701
    3762
    3958
    3903
    4116
    4018
    4078
    4249
    4154
    4370
    4511
    4619
    4415
    4332
    4347
    4330
    4309
    4465
    4528
    4634
    4953
    5251
    5782
    6422
    7070
    7190
    6964
    6598
    6042
    5819
    5580
    5169
    5046
    4764
    4522
    4555
    4334
    4354
    4292
    4446
    4381
    4523
    4501
    4325
    4430
    4479
    4466
    4496
    4517
    4337
    4535
    4627
    4705
    4768
    4656
    4672
    4782
    4763
    4907
    4734
    4751
    4806
    4987
    5022
    5001
    5147
    5298
    5262
    5363
    5437
    5491
    5740
    5649
    5908
    5936
    5953
    6023
    5969
    5894
    5908
    5978
    5901
    5887
    5744
    5656
    5706
    5763
    5702
    5668
    5578
    5587
    5569
    5578
    5545
    5527
    5409
    5440
    5433
    5374
    5369
    5396
    5454
    5391
    5276
    5302
    5262
    5168
    5090
    5205
    5067
    5056
    5069
    5105
    5101
    5033
    5111
    4966
    4965
    5020
    5101
    5102
    5264
    5051
    4946
    5050
    5016
    5074
    5115
    5017
    5080
    5006
    5111
    5142
    4997
    5135
    5172
    5206
    5122
    5176
    5109
    5252
    5125
    5230
    5193
    5150
    5156
    5093
    5140
    5123
    5276
    5126
    5161
    5238
    5247
    5366
    5245
    5289
    5289
    5388
    5238
    5329
    5359
    5393
    5529
    5457
    5402
    5492
    5462
    5461
    5332
    5315
    5336
    5349
    5390
    5442
    5265
    5109
    5068
    5060
    4941
    4738
    4798
    4657
    4590
    4240
    4291
    4050
    4020
    3908
    3719
    3524
    3469
    3395
    3127
    3156
    3090
    3027
    2925
    2767
    2745
    2698
    2609
    2495
    2508
    2419
    2332
    2391
    2279
    2317
    2288
    2173
    2231
    2211
    2106
    2141
    2097
    2063
    2074
    2097
    2114
    2008
    2041
    2036
    2062
    2017
    1986
    2162
    2101
    2140
    2247
    2154
    2307
    2291
    2356
    2322
    2432
    2453
    2555
    2718
    2858
    2994
    3237
    3372
    3766
    4008
    4313
    4912
    5310
    5806
    6357
    7453
    8420
    9444
   10485
   11665
   12843
   14585
   15811
   17231
   18653
   20360
   21446
   22671
   23734
   24483
   25183
   25788
   25752
   25536
   24994
   24093
   23048
   21750
   20506
   19106
   17565
   15495
   14007
   12521
   10939
    9604
    8341
    6966
    6101
    5038
    4341
    3603
    3014
    2406
    2078
    1666
    1447
    1221
     985
     856
     758
     609
     490
     442
     374
     320
     289
     231
     210
     167
     137
     156
     132
     126
     112
     112
     138
     124
     101
     104
     124
      87
     102
     112
      99
     100
     110
      97
      91
     113
     105
      97
      95
      92
      95
      95
      99
     119
      91
      84
      95
     101
      73
      87
      86
      87
      76
      77
      86
      96
     103
      72
      87
      69
      98
      74
      80
      84
      65
      75
      74
      72
      73
      75
      76
      73
      65
      61
      78
      58
      72
      83
      72
      63
      74
      73
      68
      62
      72
      68
      60
      68
      73
      70
      69
      53
      64
      59
      62
      59
      61
      55
      52
      63
      44
      55
      61
      71
      54
      64
      54
      59
      32
      50
      50
      61
      63
      44
      58
      54
      55
      46
      52
      59
      68
      47
      33
      59
      38
      44
      47
      47
      52
      35
      58
      49
      40
      46
      45
      49
      33
      43
      51
      33
      48
      41
      38
      41
      34
      43
      51
      40
      37
      38
      43
      42
      51
      38
      37
      36
      37
      23
      29
      41
      38
      44
      36
      34
      27
      32
      41
      37
      28
      29
      33
      39
      37
      38
      36
      36
      27
      30
      29
      33
      35
      34
      35
      34
      30
      19
      34
      27
      24
      31
      23
      26
      24
      22
      23
      26
      24
      23
      27
      23
      24
      34
      28
      32
      28
      34
      27
      32
      28
      21
      23
      31
      24
      27
      27
      30
      22
      25
      22
      36
      30
      26
      31
      22
      25
      23
      29
      23
      27
      34
      30
      32
      28
      30
      26
      28
      27
      23
      28
      34
      30
      20
      30
      24
      28
      20
      22
      25
      25
      23
      28
      26
       9
      19
      20
      19
       9
      10
      17
       8
      11
      10
       9
       3
      13
      10
       6
      11
       4
       4
       9
       4
       3
       3
       5
       5
       4
       2
       5
       2
       1
       5
       6
       6
       5
       4
       4
       3
       3
       5
       3
       3
       2
       4
       4
       2
       2
       4
       1
       1
       1
       0
       4
       2
       4
       0
       3
       2
       1
       2
       1
       3
       1
       0
       0
       2
       0
       1
       3
       3
       2
       0
       1
       3
       0
       4
       2
       0
       0
       2
       2
       1
       0
       1
       1
       1
       1
       1
       0
       0
       2
       1
       0
       0
       0
       0
       1
       1
       0
       0
       0
       1
       0
       1
       1
       0
       2
       0
       1
       0
       0
       0
       4
       0
       0
       1
       2
       0
       1
       0
       1
       0
       0
       1
       3
       1
       1
       1
       1
       0
       0
       2
       2
       0
       0
       1
       3
       0
       1
       0
       0
       1
       1
       0
       0
       2
       0
       0
       0
       0
       0
       0
       0
       1
       1
       0
       0
       1
       1
       1
       0
       0
       1
       0
       0
       0
       1
       0
       1
       1
       2
       0
       2
       0
       0
       0
       0
       0
       1
       1
       0
       0
       2
       0
       0
       0
       2
       0
       0
       1
       0
       1
       1
       1
       0
       0
       0
       0
       3
       0
       0
       1
       1
       0
       0
       1
       1
       0
       0
       1
       0
       0
       0
       1
       0
       0
       0
       0
       0
       2
       1
       0
       0
       0
       0
       1
       0
       1
       1
       0
       0
       0
       1
       0
       0
       0
       0
       0
       1
       0
       0
       0
       1
       0
       0
       1
       0
       1
       0
       0
       0
       0
       1
       0
       0
       1
       0
       0
       0
       1
       0
       0
       0
       0
       0
       0
       1
       1
       0
       0
       0
       0
       0
       0
       1
       0
       0
       0
       2
       1
       0
       0
       0
       0
       1
       0
       1
       0
       1
       0
       0
       1
       0
       0
       0
       0
       1
       0
       1
       0
       1
       0
       0
       0
       0
       0
       0
       0
       1
       0
       0
       0
       1
       0
       0
       0
       1
       2
       0
       0
       0
       0
       0
       0
       0
       0
       0
       1
       0
       0
       1
       1
       1
       0
       0
       2
       0
       1
       0
       0
       1
       1
       0
       0
       0
       0
       0
       0
       0
       0
       0
       0
       0
       0
       0
       1
       1
       0
       1
       0
       0
       0
       0
       0
       0
       0
       0
       0
       0
       0
       0
       0
       1
       0
       0
       1
       0
       0
       1
       1
       0
       0
       1
       0
       0
       0
       0
       0
       0
       0
       0
       0
       0
       0
       0
       0
       0
       0
       1
       0
       1
       0
       1
       1
       0
       0
       0
       0
       0
       0
       0
       0
       0
       0
       0
       0
       0
       0
       1
       0
       0
       0
       0
       0
       0
       0
       0
       0
       1
       0
       0
       0
       1
       0
       0
       0
       0
       0
       0
       0
       2
       0
       0
       0
       0
       0
       1
       0
       0
       0
       0
       0
       0
       1
       0
       1
       2
       0
       1
       0
       0
       1
       1
       0
       0
       0
       0
       0
       0
       0
       0
       1
       1
       0
       1
$ROI:
0
$PRESETS:
Live Time
120
0
$ENER_FIT:
0.000000 0.000000
$MCA_CAL:
3
0.000000E+000 0.000000E+000 0.000000E+000 
$SHAPE_CAL:
3
0.000000E+000 0.000000E+000 0.000000E+000
