$SPEC_ID:
test1
$SPEC_REM:
DET# 1
DETDESC# DESKTOP-VMO734U digiBASE SN 56271
AP# Maestro Version 7.01
$DATE_MEA:
06/30/2022 17:37:02
$MEAS_TIM:
119 120
$DATA:
0 1023
       0
       0
       0
       0
       0
       0
       0
       0
      32
      56
      63
     149
     405
    1034
    1802
    2179
    1860
    1325
     736
     395
     174
     109
     107
     106
     115
     114
     119
     108
      92
      96
      97
     117
     185
     216
     342
     397
     554
     570
     590
     481
     471
     368
     344
     227
     154
     105
      74
      56
      65
      50
      52
      49
      39
      48
      49
      56
      36
      39
      52
      57
      45
      55
      63
      44
      43
      63
      58
      53
      48
      67
      58
      59
      48
      60
      61
      63
      49
      60
      68
      51
      68
      46
      53
      56
      46
      52
      71
      57
      58
      45
      62
      60
      47
      46
      55
      57
      47
      42
      49
      60
      56
      58
      52
      46
      43
      44
      52
      35
      45
      43
      37
      56
      43
      53
      73
      63
      60
      66
      86
      89
      77
      83
     100
      89
      98
     104
     138
     122
     115
     109
     120
     118
     121
     126
      92
     106
      93
      97
      82
      87
      94
      81
      99
     116
     124
     149
     177
     157
     181
     236
     239
     255
     236
     239
     243
     251
     249
     193
     171
     163
     147
     142
     107
     108
     104
      80
      66
      69
      61
      61
      45
      35
      29
      32
      24
      20
      24
      15
      10
      12
      13
      16
      11
      11
      14
      15
       8
      11
       8
      10
       6
       8
      12
      13
       9
       8
       7
      10
       8
      10
       8
       7
      11
      10
      12
      12
      10
       9
      10
       9
       5
       7
      14
       9
       5
      10
       9
      10
      12
       9
       8
      11
       8
       7
       7
       9
       6
      10
       8
      12
      11
      10
       5
      10
      13
       8
       6
      13
      11
       5
       5
       3
      10
       9
       8
       9
      10
       6
      10
       4
       9
       9
       6
       5
       5
       6
       4
       3
       6
       6
       6
       8
       3
       9
       3
       7
      12
       3
       5
       7
       6
       4
       3
       5
       5
       5
       3
       5
       4
       3
       6
       9
       3
      11
       4
       4
       2
       7
       9
       7
       5
       4
       7
       4
       4
       7
       7
       5
       5
       6
       3
       5
       4
       6
       2
       6
       5
       6
       2
       7
       3
       7
       6
       2
       4
       2
       2
       5
       0
       2
       8
       2
       0
       9
       5
       3
       2
       4
       7
       7
       1
       2
       8
       4
      10
       7
       4
       2
       3
       5
       4
       5
       3
       4
       2
       3
       3
       5
       1
       6
       1
       2
       1
       1
       0
       1
       3
       3
       2
       4
       4
       3
       6
       2
       5
       2
       6
       8
       5
       5
       3
       3
       6
       4
       1
       4
       1
       3
       5
       5
       1
       6
       4
       3
       3
       4
       3
       1
       6
       1
       5
       4
       1
       2
       4
       6
       5
       2
       9
       3
       3
       4
       2
       3
       2
       4
       1
       4
       1
       2
       1
       4
       3
       4
       0
       4
       1
       3
       5
       1
       2
       5
       1
       4
       1
       3
       0
       1
       1
       2
       3
       1
       0
       0
       2
       2
       3
       2
       6
       2
       0
       1
       3
       2
       3
       3
       2
       1
       2
       2
       3
       4
       1
       1
       2
       2
       2
       2
       1
       6
       2
       1
       1
       4
       3
       4
       1
       1
       3
       2
       3
       2
       3
       3
       2
       1
       2
       3
       4
       2
       6
       2
       1
       4
       2
       4
       3
       2
       3
       3
       1
       0
       5
       3
       2
       2
       1
       1
       3
       0
       0
       2
       1
       0
       0
       3
       2
       2
       1
       2
       2
       2
       2
       2
       2
       2
       2
       0
       0
       3
       0
       5
       1
       2
       2
       2
       3
       2
       0
       0
       4
       2
       1
       0
       1
       1
       0
       2
       1
       1
       1
       1
       1
       0
       2
       0
       3
       2
       0
       0
       0
       1
       1
       0
       3
       0
       2
       2
       1
       2
       2
       1
       2
       4
       1
       3
       1
       3
       0
       2
       0
       1
       1
       2
       2
       3
       2
       3
       3
       0
       2
       3
       6
       4
       2
       3
       2
       5
       2
       6
       4
       4
       2
       2
       1
       0
       2
       1
       3
       5
       2
       0
       0
       1
       0
       2
       0
       2
       0
       2
       0
       2
       0
       1
       1
       0
       0
       1
       3
       0
       3
       0
       2
       1
       2
       0
       0
       0
       0
       0
       1
       0
       0
       0
       0
       0
       1
       0
       0
       0
       0
       0
       0
       0
       1
       3
       2
       2
       0
       0
       1
       0
       0
       0
       0
       0
       2
       0
       0
       0
       1
       2
       1
       0
       0
       1
       0
       0
       0
       1
       2
       0
       1
       0
       0
       1
       0
       2
       0
       0
       1
       0
       1
       1
       0
       2
       1
       0
       0
       2
       0
       1
       0
       0
       0
       0
       0
       0
       0
       0
       3
       2
       1
       0
       0
       0
       1
       0
       1
       0
       0
       0
       0
       0
       0
       0
       1
       0
       1
       3
       1
       0
       0
       1
       2
       0
       0
       0
       0
       0
       0
       2
       0
       0
       1
       0
       2
       0
       1
       0
       1
       0
       1
       1
       0
       0
       0
       0
       2
       1
       2
       0
       0
       1
       1
       0
       0
       1
       0
       0
       1
       0
       0
       1
       0
       0
       0
       0
       0
       0
       1
       1
       0
       0
       0
       1
       1
       0
       0
       0
       0
       0
       1
       1
       1
       1
       0
       0
       0
       0
       1
       0
       1
       0
       0
       1
       0
       0
       1
       1
       0
       1
       0
       0
       0
       0
       0
       0
       2
       0
       1
       1
       0
       1
       1
       1
       1
       0
       1
       0
       0
       0
       0
       0
       1
       0
       1
       0
       1
       0
       1
       1
       0
       0
       0
       0
       0
       0
       0
       0
       0
       0
       1
       0
       0
       0
       0
       1
       0
       0
       0
       1
       0
       0
       0
       0
       0
       0
       0
       1
       0
       0
       0
       0
       0
       0
       0
       0
       0
       0
       1
       1
       1
       0
       1
       1
       0
       0
       0
       0
       3
       0
       0
       2
       0
       0
       0
       0
       0
       0
       1
       2
       0
       0
       0
       1
       0
       0
       0
       1
       0
       0
       0
       0
       1
       0
       0
       0
       0
       1
       0
       0
       0
       0
       0
       0
       0
       1
       0
       0
       1
       0
       2
       0
       0
       0
       1
       0
       1
       1
       0
       0
       0
       0
       0
       1
       0
       0
       0
       0
       0
       0
       1
       0
       0
       0
       0
       1
       0
       1
       1
       1
       0
       0
       1
       1
       0
       0
       0
       0
       0
       0
       1
       0
       0
       0
       0
       0
       0
       0
       0
       0
       0
       0
       0
       0
       0
       0
       0
       0
       0
       0
       0
       0
       0
       0
       0
       0
       1
       0
       0
       1
       1
       2
       0
       0
       0
       1
       0
       0
       1
       0
       1
       1
       0
       1
       0
       0
       0
       0
       1
       0
       0
       0
       0
       0
       1
       1
       1
       0
       1
       0
       1
       1
$ROI:
0
$PRESETS:
Live Time
120
0
$ENER_FIT:
0.000000 0.000000
$MCA_CAL:
3
0.000000E+000 0.000000E+000 0.000000E+000 
$SHAPE_CAL:
3
0.000000E+000 0.000000E+000 0.000000E+000
