$SPEC_ID:
test1
$SPEC_REM:
DET# 1
DETDESC# DESKTOP-VMO734U digiBASE SN 56271
AP# Maestro Version 7.01
$DATE_MEA:
06/30/2022 17:25:30
$MEAS_TIM:
119 120
$DATA:
0 1023
       0
       0
       0
       0
       0
       0
       0
       1
      34
      44
      83
     140
     354
     913
    1656
    1963
    1770
    1174
     722
     350
     174
     108
      92
      74
     102
     102
      91
      88
      77
      97
     106
     112
     135
     188
     275
     378
     463
     469
     510
     512
     413
     343
     287
     228
     181
     107
      93
      46
      37
      65
      49
      48
      44
      39
      50
      41
      53
      55
      47
      39
      51
      54
      39
      50
      44
      47
      43
      43
      53
      48
      40
      59
      67
      65
      57
      65
      61
      44
      61
      56
      61
      56
      55
      64
      36
      48
      52
      52
      51
      52
      59
      56
      42
      46
      50
      52
      47
      39
      46
      49
      43
      46
      35
      42
      35
      36
      48
      47
      42
      36
      39
      41
      42
      43
      52
      48
      55
      66
      74
      83
      80
      76
      94
      79
      74
     108
      92
     116
      95
     133
     109
     109
     100
     107
     103
      84
     112
      75
      81
      64
      70
      84
      85
     114
     112
     120
     135
     166
     177
     220
     217
     196
     186
     225
     208
     212
     206
     209
     181
     147
     137
     124
     117
     116
      92
      74
      69
      57
      46
      48
      46
      33
      19
      30
      28
      13
      14
      18
      13
      13
      15
       9
       5
      12
      15
      11
      11
      10
      16
      12
       7
       8
       9
       8
      13
       8
       7
      14
       3
       4
      12
       9
       6
       9
       8
       7
      10
       9
      12
       8
      11
      14
       8
       9
       8
       8
       7
      13
       6
      12
       3
       5
       7
       7
       9
       5
      10
       9
      10
       8
       8
      13
      13
       4
       8
       5
      11
       6
      10
       6
       8
       9
       6
       7
       8
       4
      12
       8
      11
       5
       6
      14
       7
       7
      11
       7
       2
       5
       4
       6
       7
       6
       8
       7
       6
       6
       4
       3
       5
      10
       3
       5
       5
       3
       6
       5
       6
       4
       9
       6
       3
       9
       6
       4
       5
       7
       4
       6
       2
       5
       7
       3
       6
       3
       3
       3
       8
       3
       4
       4
       5
       6
       1
       5
       3
       4
       4
       4
       6
       7
       4
       3
       3
       3
       5
       6
       1
       3
       6
       2
       5
       4
       6
       1
       2
       3
       3
       4
       4
       8
       5
       0
       4
       3
       3
       3
       2
       4
       7
       5
      10
       2
       7
       3
       3
       3
       3
       0
       8
       2
       4
       4
       4
       1
       4
       1
       4
       2
       3
       3
       3
       5
       8
       3
       3
       0
       2
       4
       8
       3
       5
       9
       5
      10
       4
       3
       3
       6
       3
       5
       3
       5
       3
       3
       5
       5
       1
       0
       2
       3
       2
       3
       0
       6
       3
       2
       4
       7
       2
       2
       4
       5
       2
       2
       3
       5
       5
       3
       0
       3
       3
       2
       4
       1
       1
       2
       3
       2
       3
       3
       6
       1
       2
       5
       4
       1
       6
       4
       6
       0
       1
       3
       4
       3
       4
       2
       3
       3
       1
       6
       1
       1
       1
       1
       1
       3
       1
       0
       3
       3
       0
       2
       6
       3
       0
       2
       4
       4
       1
       0
       1
       5
       3
       0
       4
       3
       1
       2
       3
       3
       4
       4
       0
       4
       2
       3
       2
       1
       2
       2
       1
       3
       1
       3
       1
       2
       0
       6
       2
       4
       1
       3
       2
       0
       1
       2
       1
       1
       1
       1
       1
       3
       1
       1
       3
       2
       1
       2
       2
       0
       1
       0
       1
       1
       0
       1
       0
       1
       1
       1
       3
       1
       1
       2
       2
       1
       3
       0
       1
       0
       2
       2
       1
       1
       5
       0
       0
       0
       4
       1
       1
       1
       3
       1
       2
       0
       0
       3
       3
       2
       0
       3
       5
       4
       1
       1
       2
       1
       0
       3
       2
       1
       1
       1
       3
       0
       1
       1
       1
       5
       3
       1
       0
       2
       2
       3
       2
       2
       2
       2
       6
       3
       1
       2
       2
       5
       4
       3
       3
       3
       2
       1
       1
       1
       3
       5
       3
       0
       5
       1
       2
       0
       1
       2
       0
       1
       3
       1
       1
       1
       1
       0
       0
       0
       0
       2
       1
       2
       2
       1
       1
       1
       0
       2
       2
       0
       1
       0
       0
       0
       0
       3
       0
       1
       1
       1
       0
       0
       3
       1
       0
       0
       1
       0
       0
       1
       0
       1
       0
       1
       1
       1
       0
       0
       0
       0
       0
       1
       0
       0
       0
       0
       0
       0
       0
       1
       0
       0
       1
       0
       0
       0
       0
       0
       0
       1
       0
       0
       1
       1
       1
       0
       0
       0
       0
       0
       2
       0
       0
       0
       2
       0
       2
       0
       0
       0
       0
       1
       0
       0
       1
       2
       0
       0
       1
       0
       0
       2
       0
       2
       0
       1
       0
       0
       0
       0
       0
       0
       0
       1
       1
       0
       2
       0
       0
       0
       0
       0
       0
       0
       1
       0
       1
       0
       0
       1
       1
       3
       1
       0
       0
       0
       0
       1
       0
       0
       1
       0
       1
       1
       0
       0
       0
       0
       0
       0
       0
       0
       0
       0
       0
       1
       1
       1
       0
       0
       0
       0
       0
       0
       0
       1
       1
       1
       0
       0
       0
       0
       0
       0
       0
       1
       0
       0
       0
       0
       2
       0
       0
       0
       2
       0
       0
       0
       0
       0
       1
       0
       1
       1
       0
       0
       1
       0
       0
       1
       1
       0
       0
       0
       0
       0
       0
       0
       1
       0
       3
       0
       1
       1
       0
       0
       1
       0
       1
       1
       0
       1
       1
       0
       1
       0
       1
       1
       1
       0
       1
       1
       0
       0
       1
       0
       0
       0
       1
       0
       0
       2
       1
       0
       0
       1
       2
       0
       0
       1
       1
       0
       0
       0
       0
       0
       0
       0
       1
       0
       0
       0
       0
       0
       0
       0
       0
       1
       1
       0
       0
       1
       0
       1
       0
       0
       1
       0
       1
       0
       0
       0
       0
       1
       1
       0
       0
       0
       0
       0
       0
       0
       1
       0
       0
       1
       2
       0
       0
       0
       1
       0
       0
       1
       0
       0
       0
       0
       0
       0
       0
       1
       0
       1
       0
       0
       0
       0
       0
       0
       0
       0
       0
       1
       0
       0
       1
       0
       0
       0
       2
       0
       0
       0
       0
       0
       1
       0
       0
       1
       0
       0
       0
       0
       0
       0
       0
       0
       0
       0
       1
       0
       0
       1
       0
       0
       0
       0
       0
       0
       0
       0
       0
       0
       0
       0
       0
       0
       0
       0
       1
       0
       0
       0
       0
       1
       1
       0
       0
       0
       0
       0
       1
       1
       0
       0
       0
       1
       0
       0
       0
       0
       0
       0
       0
       0
       0
       1
       1
       1
       1
       0
       0
       0
       3
       3
       1
       0
       1
       0
       0
       0
       0
       0
       2
       0
       0
       0
$ROI:
0
$PRESETS:
Live Time
120
0
$ENER_FIT:
0.000000 0.000000
$MCA_CAL:
3
0.000000E+000 0.000000E+000 0.000000E+000 
$SHAPE_CAL:
3
0.000000E+000 0.000000E+000 0.000000E+000
