$SPEC_ID:
test1
$SPEC_REM:
DET# 1
DETDESC# DESKTOP-VMO734U digiBASE SN 56271
AP# Maestro Version 7.01
$DATE_MEA:
06/30/2022 17:30:40
$MEAS_TIM:
119 120
$DATA:
0 1023
       0
       0
       0
       0
       0
       0
       0
       0
      25
      50
      70
     142
     329
     931
    1664
    1962
    1697
    1261
     661
     349
     177
     113
     102
      96
     107
     106
     100
      96
      82
     109
      97
     135
     147
     201
     290
     393
     470
     529
     489
     492
     419
     355
     262
     200
     165
     110
      75
      61
      38
      54
      34
      36
      50
      63
      61
      47
      42
      47
      40
      50
      43
      29
      48
      55
      46
      47
      46
      57
      49
      64
      50
      52
      61
      63
      54
      56
      60
      48
      57
      51
      39
      59
      49
      49
      48
      46
      48
      47
      58
      42
      43
      52
      51
      44
      46
      54
      41
      43
      47
      26
      31
      45
      37
      44
      45
      33
      39
      44
      40
      42
      41
      39
      63
      45
      47
      49
      77
      63
      75
      77
      75
      86
      96
      99
      75
     100
      96
      94
     121
     116
     108
     115
     122
      85
      87
     120
      76
      75
      90
      71
      89
      75
      74
      94
     129
     111
     160
     185
     180
     217
     219
     200
     211
     211
     216
     199
     198
     181
     188
     159
     144
     112
     119
      96
      99
      66
      72
      48
      54
      44
      28
      29
      34
      22
      17
      17
      23
      11
      21
      15
      12
      10
      14
      12
       6
      14
       7
       5
       9
      16
      13
      10
       6
       9
      14
       5
      11
       6
      10
       8
      12
       8
       9
      13
       8
       9
       8
       6
      18
       8
       8
       7
       9
       9
       6
       9
       7
       9
      12
       8
       7
       6
       8
       6
      11
       4
      10
       7
      12
       8
       7
       7
       6
       5
       6
       9
      13
       8
       5
       8
       5
       0
       4
       7
       9
       8
       5
       4
       9
       9
      10
       5
       5
       6
       8
       7
      12
       6
       4
       3
       2
       9
       7
       9
      10
       3
       6
       6
       3
       8
       5
       9
       7
       5
       5
       1
      12
       8
       7
       5
       6
       3
       4
       5
       3
       7
       4
       4
       7
       5
       3
       5
       7
       2
       3
       3
       5
       5
       5
       4
       2
       3
       4
       3
       3
       4
      10
       1
       8
       2
       5
       1
       3
       4
       6
       6
       3
       5
       6
       3
       8
       2
       4
       1
       6
       5
       2
       4
       2
       3
       1
       6
       4
       3
       8
       3
       3
       6
       2
       2
       2
       3
       3
       5
       4
       7
       3
       1
       2
      10
       3
       2
       6
       2
       4
       3
       4
       3
       4
       1
       1
       5
       5
       0
       6
       8
       4
       2
       4
       2
       5
       3
       4
       1
       4
       3
       5
       1
       5
       5
       7
       4
       7
       4
       5
       4
       3
       2
       0
       6
       4
       5
       2
       5
       4
       4
       3
       1
       5
       4
       1
       2
       1
       5
       5
       2
       3
       3
       2
       2
       2
       5
       2
       3
       2
       1
       4
       2
       2
       1
       2
       3
       3
       1
       4
       1
       0
       2
       1
       3
       3
       2
       3
       3
       2
       0
       5
       2
       2
       3
       4
       1
       2
       0
       1
       3
       1
       2
       7
       6
       0
       4
       4
       3
       3
       3
       4
       3
       0
       2
       3
       0
       3
       2
       3
       0
       1
       3
       2
       4
       3
       2
       5
       1
       2
       3
       2
       3
       1
       1
       2
       3
       1
       6
       2
       1
       4
       1
       2
       3
       3
       1
       0
       4
       0
       3
       4
       4
       0
       2
       0
       0
       0
       2
       1
       1
       2
       1
       1
       1
       3
       1
       0
       1
       0
       2
       0
       0
       4
       2
       2
       1
       0
       0
       1
       0
       1
       2
       3
       0
       0
       1
       0
       3
       1
       4
       0
       1
       1
       1
       1
       1
       0
       2
       2
       3
       0
       2
       0
       1
       2
       2
       0
       1
       0
       1
       2
       1
       1
       2
       2
       1
       2
       3
       4
       2
       2
       4
       5
       4
       3
       1
       3
       5
       0
       2
       6
       3
       0
       4
       2
       3
       1
       3
       0
       2
       4
       2
       6
       7
       1
       5
       0
       2
       2
       4
       1
       2
       1
       3
       2
       3
       5
       3
       4
       1
       3
       1
       0
       0
       0
       1
       2
       0
       0
       1
       3
       2
       0
       4
       1
       2
       1
       1
       1
       0
       1
       1
       0
       0
       0
       0
       0
       2
       0
       0
       0
       0
       1
       1
       2
       0
       0
       1
       0
       0
       0
       0
       1
       2
       0
       0
       0
       0
       1
       1
       0
       1
       0
       0
       1
       2
       2
       0
       0
       2
       4
       0
       1
       0
       0
       1
       1
       0
       0
       1
       0
       0
       0
       0
       2
       1
       1
       1
       1
       1
       0
       1
       1
       2
       0
       0
       0
       1
       1
       0
       1
       1
       1
       2
       1
       0
       1
       1
       1
       1
       0
       1
       0
       0
       1
       2
       2
       0
       0
       0
       0
       2
       0
       0
       1
       0
       0
       0
       1
       1
       0
       0
       0
       1
       0
       0
       0
       0
       1
       0
       0
       0
       0
       0
       0
       0
       0
       0
       0
       0
       0
       0
       0
       0
       0
       0
       0
       1
       0
       0
       1
       1
       0
       3
       1
       1
       1
       0
       1
       1
       0
       0
       1
       1
       0
       1
       0
       0
       1
       0
       1
       1
       0
       0
       0
       0
       0
       0
       0
       0
       1
       1
       0
       0
       0
       0
       0
       0
       0
       1
       0
       0
       1
       0
       1
       0
       1
       0
       1
       0
       0
       0
       0
       0
       0
       3
       0
       0
       0
       1
       1
       0
       0
       0
       0
       0
       0
       0
       0
       0
       0
       0
       0
       0
       1
       0
       1
       0
       0
       0
       1
       2
       0
       0
       2
       0
       0
       0
       1
       0
       0
       0
       1
       0
       0
       0
       1
       0
       0
       0
       0
       0
       1
       2
       0
       0
       1
       0
       0
       1
       0
       0
       0
       1
       0
       1
       0
       0
       0
       1
       0
       0
       0
       0
       0
       0
       1
       1
       1
       2
       0
       1
       0
       0
       1
       1
       0
       1
       0
       1
       0
       1
       1
       0
       1
       0
       1
       0
       0
       0
       0
       0
       0
       1
       0
       0
       0
       0
       0
       0
       0
       1
       0
       0
       0
       0
       0
       0
       0
       0
       0
       0
       0
       2
       0
       0
       0
       1
       0
       0
       0
       1
       0
       0
       0
       0
       0
       0
       0
       0
       1
       0
       0
       0
       1
       0
       0
       0
       0
       0
       0
       0
       0
       0
       0
       0
       1
       1
       0
       1
       0
       1
       0
       0
       0
       0
       0
       0
       2
       0
       0
       0
       0
       0
       0
       0
       0
       0
       0
       0
       1
       0
       0
       0
       0
       0
       0
       0
       2
       1
       0
       1
       0
       0
       0
       1
       0
       0
       1
       0
       0
       0
       0
       0
       0
       1
       0
       0
       1
       1
       1
       1
       0
       0
       0
       1
       1
       0
$ROI:
0
$PRESETS:
Live Time
120
0
$ENER_FIT:
0.000000 0.000000
$MCA_CAL:
3
0.000000E+000 0.000000E+000 0.000000E+000 
$SHAPE_CAL:
3
0.000000E+000 0.000000E+000 0.000000E+000
