$SPEC_ID:
test1
$SPEC_REM:
DET# 1
DETDESC# DESKTOP-VMO734U digiBASE SN 56271
AP# Maestro Version 7.01
$DATE_MEA:
06/30/2022 17:28:00
$MEAS_TIM:
119 120
$DATA:
0 1023
       0
       0
       0
       0
       0
       0
       0
       1
      34
      60
      75
     102
     357
     910
    1616
    1940
    1710
    1242
     638
     390
     190
     124
      92
      87
     100
     120
     106
      93
      93
      82
      85
     112
     156
     207
     309
     363
     482
     508
     500
     436
     384
     366
     272
     223
     156
     115
      67
      53
      39
      36
      38
      49
      43
      37
      49
      43
      45
      39
      60
      44
      51
      45
      51
      46
      57
      45
      38
      63
      55
      52
      61
      67
      48
      65
      64
      55
      62
      60
      59
      65
      51
      51
      47
      56
      57
      59
      72
      63
      51
      54
      49
      51
      43
      51
      55
      47
      42
      45
      48
      57
      37
      48
      43
      40
      50
      37
      45
      45
      39
      43
      34
      43
      41
      59
      46
      55
      58
      57
      76
      77
      63
      70
      77
      80
     100
      91
     111
     112
     122
     114
     116
     100
     127
      83
      87
      85
      91
      87
      71
      75
      79
      92
     107
     109
     140
     137
     167
     158
     195
     190
     207
     181
     205
     231
     227
     196
     202
     183
     160
     167
     148
     145
     111
      98
      80
      67
      64
      58
      42
      46
      41
      31
      24
      21
      37
      17
      15
      15
      10
      18
      14
      12
       9
      15
       6
      13
      11
      11
      10
       7
       8
       9
      10
       5
      15
      12
      12
      11
       6
      11
       7
       8
       9
      14
      12
      11
       6
       8
      11
       7
      11
       3
      11
       6
      10
      10
       5
      11
       6
      11
      11
       9
      13
       9
       3
       9
       4
       9
      12
       4
       4
       2
       3
       7
       6
      11
       6
       9
       6
      10
       6
       9
       8
       7
       7
       6
       8
       5
       8
      11
      10
       6
       5
       4
       6
       5
       9
       7
       8
       7
       5
       5
       3
       4
       1
       7
       4
       5
       4
       4
       4
       4
       4
       5
       3
       5
       1
       8
       3
       9
       3
       6
       3
       2
       4
       8
       8
       5
       4
       8
       3
       7
       5
       8
       6
       3
       3
       4
       4
       9
       2
       5
       3
       5
       4
       7
       2
       5
       5
       4
       4
       2
      10
       4
       3
       3
       1
       1
       3
       7
       8
       4
       6
       3
       2
       4
       4
       7
       5
       1
       7
       7
       2
       5
       4
       6
       2
       2
       6
       4
       3
       1
       6
       6
       4
       1
       2
       2
       2
       5
       4
       4
       7
       1
       7
       2
       5
       3
       6
       5
       2
       4
       3
       4
       0
       4
       5
       8
       5
       2
       4
       7
       2
       4
       2
       0
       4
       7
       4
       2
       7
       2
       4
       4
       0
       7
       6
       4
       1
       2
       2
       4
       3
       4
       4
       4
       5
       3
       3
       5
       4
       1
       3
       2
       5
       1
       5
       5
       2
       7
       4
       4
       2
       2
       5
       2
       1
       0
       1
       3
       2
       2
       3
       2
       4
       2
       2
       3
       3
       2
       4
       4
       2
       3
       2
       0
       1
       2
       0
       3
       4
       2
       2
       4
       4
       4
       0
       1
       4
       0
       0
       3
       4
       0
       3
       4
       5
       3
       2
       2
       2
       2
       3
       2
       1
       6
       1
       0
       7
       0
       1
       5
       1
       4
       2
       1
       1
       1
       0
       3
       2
       1
       4
       3
       0
       1
       2
       1
       2
       0
       4
       4
       2
       2
       3
       2
       3
       0
       4
       3
       2
       2
       1
       2
       2
       1
       0
       2
       2
       2
       3
       1
       1
       2
       4
       4
       1
       4
       3
       1
       1
       1
       0
       1
       0
       2
       2
       0
       0
       0
       2
       1
       0
       0
       1
       1
       3
       2
       0
       1
       1
       1
       3
       1
       0
       0
       1
       1
       3
       1
       0
       0
       1
       1
       1
       3
       0
       1
       3
       2
       2
       1
       3
       1
       0
       1
       1
       1
       1
       2
       1
       1
       0
       1
       3
       3
       4
       2
       1
       1
       6
       3
       4
       5
       3
       7
       3
       3
       3
       4
       1
       2
       0
       5
       3
       3
       2
       3
       1
       1
       2
       2
       3
       3
       2
       1
       3
       1
       2
       2
       2
       1
       0
       1
       2
       3
       2
       3
       0
       1
       0
       0
       0
       1
       0
       1
       0
       1
       4
       0
       1
       0
       2
       0
       0
       0
       0
       0
       0
       0
       0
       1
       1
       3
       1
       0
       0
       1
       2
       0
       0
       1
       0
       0
       1
       0
       2
       1
       1
       0
       0
       0
       0
       1
       1
       0
       0
       0
       0
       0
       0
       1
       0
       0
       0
       1
       1
       1
       2
       0
       0
       0
       1
       0
       0
       2
       0
       0
       0
       1
       1
       0
       1
       1
       1
       0
       2
       0
       1
       0
       1
       0
       1
       0
       1
       1
       0
       1
       1
       0
       0
       0
       2
       0
       0
       1
       2
       1
       1
       1
       1
       0
       1
       0
       0
       0
       0
       1
       0
       0
       2
       1
       0
       0
       0
       2
       1
       1
       0
       0
       0
       0
       0
       1
       1
       1
       0
       0
       1
       0
       0
       1
       0
       0
       0
       2
       0
       0
       1
       0
       1
       0
       0
       1
       0
       0
       0
       0
       0
       1
       1
       0
       0
       1
       0
       1
       0
       1
       0
       1
       0
       0
       0
       0
       1
       0
       0
       0
       0
       0
       0
       0
       0
       0
       1
       1
       0
       0
       0
       1
       1
       0
       0
       1
       0
       0
       1
       0
       0
       2
       1
       1
       0
       0
       1
       0
       2
       0
       0
       0
       0
       1
       1
       0
       0
       0
       0
       1
       0
       1
       1
       1
       3
       1
       0
       0
       1
       1
       0
       0
       0
       0
       0
       0
       0
       1
       0
       0
       0
       0
       0
       0
       0
       0
       0
       0
       0
       0
       0
       0
       0
       0
       1
       0
       0
       0
       0
       0
       1
       0
       0
       0
       0
       0
       0
       0
       0
       1
       1
       0
       0
       0
       0
       0
       1
       0
       0
       0
       0
       0
       0
       1
       0
       1
       0
       0
       0
       1
       2
       0
       0
       0
       1
       0
       0
       0
       0
       0
       0
       1
       0
       0
       0
       0
       1
       2
       0
       0
       0
       0
       1
       1
       0
       0
       1
       0
       0
       0
       0
       0
       0
       0
       0
       0
       1
       0
       0
       0
       0
       0
       0
       0
       0
       0
       0
       0
       1
       0
       0
       0
       0
       0
       0
       0
       0
       1
       0
       0
       0
       0
       1
       0
       0
       0
       0
       1
       0
       0
       0
       0
       0
       0
       0
       0
       0
       0
       1
       0
       0
       0
       1
       0
       0
       1
       0
       0
       0
       1
       0
       0
       0
       0
       1
       0
       0
       2
       0
       1
       0
       0
       0
       0
       0
       0
       0
       0
       0
       0
       0
       0
       2
       0
       0
       1
       0
       0
       0
       0
       0
       1
       1
       0
       0
       0
$ROI:
0
$PRESETS:
Live Time
120
0
$ENER_FIT:
0.000000 0.000000
$MCA_CAL:
3
0.000000E+000 0.000000E+000 0.000000E+000 
$SHAPE_CAL:
3
0.000000E+000 0.000000E+000 0.000000E+000
