$SPEC_ID:
test1
$SPEC_REM:
DET# 1
DETDESC# DESKTOP-VMO734U digiBASE SN 56271
AP# Maestro Version 7.01
$DATE_MEA:
06/30/2022 17:34:42
$MEAS_TIM:
119 120
$DATA:
0 1023
       0
       0
       0
       0
       0
       0
       0
       1
      24
      51
      60
     139
     389
    1010
    1745
    2174
    1870
    1315
     790
     380
     196
     111
     115
      83
      96
     121
     132
      97
     100
      99
      98
     125
     170
     232
     291
     439
     482
     505
     591
     531
     431
     368
     331
     247
     154
     102
      86
      52
      42
      53
      46
      60
      48
      48
      46
      55
      41
      49
      50
      56
      44
      50
      57
      46
      39
      73
      63
      56
      36
      63
      55
      54
      54
      60
      78
      54
      56
      62
      62
      51
      75
      53
      70
      55
      62
      63
      52
      67
      45
      49
      62
      46
      59
      53
      56
      44
      54
      47
      38
      44
      40
      44
      50
      52
      41
      45
      40
      36
      41
      46
      35
      50
      53
      65
      48
      60
      63
      63
      76
      81
      80
     102
      88
      81
      90
      96
      91
     105
     104
     106
     120
     137
     125
     116
     129
     110
      71
      97
      88
      99
      77
      83
      98
     122
     125
     148
     164
     177
     186
     222
     227
     244
     254
     259
     235
     246
     232
     218
     177
     152
     142
     133
     111
     110
      80
      89
      62
      69
      49
      44
      32
      32
      27
      31
      33
      24
      15
      23
      15
      11
      10
      14
      15
      11
      11
       9
       6
       8
      11
       8
      13
       7
      13
      17
      12
      18
      11
       9
       9
      11
      10
      12
       8
      13
      11
      13
       7
       7
       5
      10
       5
      10
       8
      10
       9
      17
       6
       8
       5
       6
       8
       9
       9
      10
       9
      16
       5
      10
      10
       4
       4
      11
       4
       4
       7
       9
       9
       4
      12
       5
       5
       9
       4
      13
       9
       6
      10
       7
       5
       9
      11
      10
       6
       5
       4
      10
       2
       2
       3
       8
       2
       5
       5
       5
       5
       6
       4
       5
       2
       5
       9
       3
       7
       2
       5
       2
       5
       3
       2
       4
       4
       5
       5
       0
       5
       1
       3
       3
       1
       5
       9
      12
       7
       4
       4
       6
      10
       6
       5
       8
       4
       3
       7
       5
       4
       6
       5
       4
       6
       6
       3
       4
       2
       2
       2
       4
       5
       7
       2
       3
       5
       3
       1
       3
       3
       5
       5
       2
       4
       5
       4
      11
       4
       3
       6
       2
       2
       2
       3
       4
       3
       2
       1
       2
       2
       8
       3
       4
       1
       4
       2
       7
       1
       2
       0
       5
       4
       3
       4
       3
       9
       3
       8
       6
       1
       4
       8
       2
       2
       3
       2
       4
       5
       2
       2
       3
       4
       2
       6
       5
       2
       5
       5
       2
       2
       3
       3
       4
       6
       1
       1
       2
       2
       1
       4
       5
       3
       2
       7
       6
       5
       4
       2
       1
       2
       4
       0
       1
       2
       3
       2
       0
       4
       3
       3
       3
       1
       2
       1
       3
       5
       4
       2
       3
       0
       3
       3
       2
       3
       1
       4
       1
       3
       2
       1
       4
       3
       3
       2
       2
       2
       0
       2
       2
       2
       2
       4
       2
       1
       5
       4
       2
       1
       3
       0
       1
       1
       4
       6
       2
       6
       3
       2
       2
       6
       1
       2
       4
       2
       2
       3
       3
       1
       1
       1
       3
       3
       2
       0
       1
       2
       2
       0
       2
       2
       1
       2
       2
       2
       3
       1
       4
       1
       1
       2
       3
       2
       1
       0
       1
       1
       4
       2
       2
       2
       3
       2
       1
       3
       4
       2
       0
       0
       1
       2
       2
       2
       3
       1
       0
       2
       2
       1
       2
       1
       2
       1
       1
       1
       2
       0
       2
       0
       1
       0
       1
       1
       0
       2
       0
       1
       0
       2
       0
       1
       1
       1
       0
       4
       0
       2
       1
       0
       3
       1
       4
       3
       0
       0
       1
       1
       2
       0
       2
       2
       2
       4
       0
       1
       2
       2
       0
       1
       3
       1
       0
       5
       5
       1
       5
       2
       5
       3
       3
       2
       2
       7
       8
       2
       2
       4
       2
       3
       3
       3
       5
       0
       2
       2
       4
       0
       1
       1
       2
       3
       2
       2
       1
       3
       2
       0
       1
       0
       2
       3
       3
       1
       1
       2
       0
       1
       3
       0
       1
       0
       0
       0
       1
       1
       0
       1
       0
       1
       2
       0
       0
       1
       0
       1
       1
       1
       0
       0
       0
       1
       0
       0
       1
       0
       0
       1
       1
       0
       2
       2
       0
       1
       0
       0
       0
       0
       0
       1
       1
       0
       1
       1
       3
       0
       1
       0
       0
       1
       0
       1
       0
       1
       1
       1
       1
       0
       1
       0
       0
       0
       0
       2
       1
       0
       2
       0
       1
       1
       1
       1
       0
       0
       1
       0
       2
       1
       2
       0
       0
       1
       0
       0
       1
       0
       1
       1
       0
       1
       2
       3
       0
       0
       0
       1
       1
       2
       2
       1
       0
       0
       0
       0
       1
       0
       0
       0
       0
       0
       0
       1
       0
       0
       1
       2
       0
       0
       0
       0
       1
       0
       1
       0
       0
       1
       0
       0
       0
       1
       0
       0
       0
       0
       1
       0
       1
       0
       0
       0
       0
       1
       0
       0
       1
       0
       0
       1
       2
       1
       0
       0
       0
       0
       0
       0
       0
       1
       0
       0
       0
       0
       0
       0
       0
       0
       0
       1
       0
       0
       0
       1
       0
       0
       1
       0
       0
       1
       1
       0
       1
       0
       0
       1
       0
       0
       0
       0
       0
       1
       0
       0
       0
       0
       0
       1
       0
       0
       0
       0
       0
       0
       0
       0
       0
       0
       0
       0
       0
       1
       0
       1
       0
       1
       1
       0
       1
       0
       1
       0
       1
       1
       0
       0
       0
       0
       1
       0
       1
       0
       0
       0
       0
       1
       0
       0
       0
       0
       0
       1
       0
       1
       1
       0
       0
       1
       0
       0
       0
       0
       1
       0
       0
       0
       1
       0
       0
       0
       0
       1
       0
       1
       1
       0
       0
       0
       0
       0
       0
       0
       1
       0
       1
       0
       0
       1
       2
       1
       1
       0
       1
       0
       0
       0
       0
       0
       1
       0
       1
       0
       0
       0
       0
       0
       0
       0
       0
       0
       0
       0
       0
       0
       0
       0
       0
       0
       1
       0
       0
       2
       0
       0
       0
       1
       0
       0
       0
       0
       0
       0
       0
       0
       0
       0
       0
       1
       1
       0
       0
       0
       0
       0
       0
       0
       0
       0
       0
       0
       0
       0
       0
       0
       0
       0
       0
       0
       0
       0
       0
       0
       0
       0
       0
       0
       0
       0
       0
       0
       0
       0
       0
       0
       0
       1
       0
       0
       0
       0
       0
       1
       2
       0
       0
       1
       0
       0
       2
       0
       0
       0
       0
       0
       1
       0
       1
       0
       0
       1
       0
       0
       0
       1
       0
       0
       0
       0
       2
       1
       0
       0
       1
$ROI:
0
$PRESETS:
Live Time
120
0
$ENER_FIT:
0.000000 0.000000
$MCA_CAL:
3
0.000000E+000 0.000000E+000 0.000000E+000 
$SHAPE_CAL:
3
0.000000E+000 0.000000E+000 0.000000E+000
