$SPEC_ID:
test1
$SPEC_REM:
DET# 1
DETDESC# DESKTOP-VMO734U digiBASE SN 56271
AP# Maestro Version 7.01
$DATE_MEA:
06/30/2022 17:42:52
$MEAS_TIM:
119 120
$DATA:
0 1023
       0
       0
       0
       0
       0
       0
       0
       1
      40
      57
      75
     172
     420
    1151
    2018
    2366
    2120
    1562
     884
     443
     227
     119
      98
     114
     122
     113
     114
     125
     111
     102
     119
     140
     193
     249
     355
     479
     569
     633
     600
     539
     480
     407
     344
     270
     179
     128
      85
      70
      52
      41
      41
      45
      47
      61
      47
      54
      44
      53
      47
      52
      40
      49
      63
      51
      49
      63
      47
      63
      69
      63
      69
      68
      78
      74
      66
      65
      80
      61
      56
      45
      53
      55
      59
      68
      65
      66
      59
      52
      48
      52
      59
      58
      64
      61
      58
      65
      55
      48
      47
      58
      46
      53
      56
      48
      52
      36
      46
      39
      44
      51
      44
      50
      54
      61
      57
      66
      89
      76
      82
      84
      98
     102
     108
     119
     114
     135
     101
     119
     123
     134
     123
     141
     132
     130
      99
     117
     103
     109
      93
      77
     105
     103
     109
     133
     134
     144
     173
     180
     211
     231
     252
     247
     251
     264
     288
     264
     239
     212
     208
     208
     168
     146
     123
     117
      98
      97
      74
      83
      42
      68
      45
      37
      38
      28
      18
      20
      16
      12
      10
      13
      20
      17
      11
      11
      10
       8
       9
      11
      13
      13
       7
      13
      10
       8
      12
       8
      13
       7
      10
       5
       7
       7
      13
       9
      14
       8
      13
       9
      11
      15
       7
       7
      11
      13
       6
       7
      11
       6
       8
       4
       9
      10
      10
       5
       9
      10
      10
       7
       5
       5
       8
       4
       5
       9
       7
       7
       4
       9
       6
       6
       9
       4
       6
       5
       5
      10
      13
       5
       9
       9
       5
      11
      10
       8
       7
      10
       5
       4
      10
       9
       8
       4
       6
       7
       5
       5
       9
       5
      10
       4
       8
       7
       6
       3
       5
       2
       7
       4
       1
       2
       3
       5
       4
       5
       7
       4
       3
       7
       3
       6
       8
       4
       2
       2
       5
       2
       5
       3
       3
       3
       4
       5
       6
       3
       5
       5
       2
       4
       2
       2
       1
       9
       6
       4
       2
       3
       5
       7
       5
       1
       4
       5
       4
       5
       3
       2
       5
       7
       7
       5
       4
       4
       3
       4
       2
       1
       2
       4
       2
       3
       6
       4
       0
       7
       3
       5
       1
       3
       2
       3
       7
       0
       3
       2
       1
       1
       0
      10
       2
       4
       5
       4
       3
       3
       1
       4
       4
       2
       5
       4
       5
       2
       8
       4
       6
       1
       4
       4
       0
       4
       0
       3
       5
       6
       1
       9
       1
       6
       4
       2
       6
       5
       5
       4
       1
       8
       9
       4
       8
       3
       4
       4
       1
       4
       4
       1
       3
       0
       0
       4
       2
       3
       0
       2
       2
       1
       5
       4
       5
       2
       3
       5
       2
       5
       6
       5
       2
       2
       3
       3
       1
       0
       2
       9
       1
       2
       0
       2
       3
       2
       2
       0
       4
       3
       2
       1
       1
       1
       1
       2
       0
       3
       5
       4
       1
       5
       2
       0
       5
       4
       3
       2
       0
       3
       7
       2
       4
       3
       2
       3
       1
       1
       2
       3
       3
       3
       5
       1
       2
       6
       0
       0
       3
       2
       0
       1
       4
       2
       2
       3
       1
       0
       1
       2
       1
       0
       2
       2
       0
       2
       3
       1
       2
       2
       1
       3
       1
       2
       0
       5
       2
       4
       3
       2
       0
       3
       0
       0
       2
       0
       2
       0
       2
       0
       0
       1
       3
       4
       2
       1
       1
       0
       1
       1
       3
       1
       1
       0
       0
       1
       0
       1
       0
       3
       2
       2
       3
       2
       2
       1
       3
       0
       2
       0
       3
       2
       0
       0
       1
       0
       2
       2
       4
       2
       3
       1
       1
       3
       1
       3
       0
       1
       1
       4
       3
       1
       3
       1
       4
       2
       6
       2
       3
       3
       2
       4
       4
       3
       5
       3
       6
       1
       0
       2
       0
       5
       1
       3
       4
       4
       1
       5
       3
       1
       0
       1
       1
       2
       1
       0
       1
       1
       1
       1
       0
       0
       1
       0
       1
       0
       0
       1
       0
       2
       1
       1
       2
       2
       1
       0
       1
       1
       0
       1
       1
       1
       0
       3
       1
       1
       1
       1
       1
       1
       0
       0
       1
       1
       0
       0
       1
       0
       0
       1
       2
       0
       2
       3
       0
       2
       0
       0
       1
       0
       1
       1
       1
       3
       0
       1
       0
       1
       1
       0
       1
       0
       0
       0
       0
       0
       0
       0
       1
       1
       1
       0
       0
       1
       1
       1
       0
       0
       0
       0
       1
       1
       0
       1
       1
       1
       0
       1
       0
       0
       0
       0
       2
       0
       1
       0
       0
       0
       0
       0
       0
       0
       1
       0
       3
       0
       1
       0
       0
       2
       0
       0
       0
       0
       1
       0
       0
       0
       1
       0
       0
       0
       0
       0
       0
       0
       0
       0
       0
       1
       0
       0
       0
       0
       0
       0
       0
       0
       0
       0
       0
       0
       1
       0
       0
       0
       1
       0
       0
       1
       1
       0
       0
       0
       0
       0
       0
       0
       1
       1
       0
       0
       0
       0
       0
       0
       1
       0
       0
       0
       0
       1
       0
       0
       0
       0
       0
       0
       1
       0
       1
       1
       0
       0
       0
       0
       0
       1
       2
       0
       0
       1
       0
       0
       2
       1
       0
       1
       0
       0
       2
       0
       0
       0
       1
       1
       1
       1
       0
       0
       0
       0
       0
       1
       0
       0
       1
       0
       2
       2
       0
       0
       2
       0
       1
       0
       0
       1
       0
       2
       0
       0
       1
       0
       0
       3
       0
       0
       0
       1
       0
       0
       1
       1
       0
       0
       0
       0
       1
       0
       0
       0
       0
       0
       0
       0
       0
       0
       0
       2
       1
       0
       1
       0
       0
       0
       1
       2
       0
       1
       0
       1
       0
       1
       0
       0
       1
       0
       0
       1
       0
       2
       0
       0
       0
       0
       0
       0
       0
       0
       1
       0
       0
       0
       0
       0
       1
       0
       0
       0
       0
       0
       0
       0
       0
       1
       0
       0
       0
       0
       0
       0
       0
       0
       0
       1
       0
       0
       0
       0
       1
       0
       1
       0
       0
       0
       0
       0
       1
       0
       0
       0
       0
       0
       1
       0
       0
       0
       0
       0
       0
       0
       1
       0
       0
       0
       0
       0
       1
       0
       1
       0
       0
       0
       0
       0
       0
       0
       0
       0
       0
       1
       0
       0
       0
       1
       0
       0
       0
       0
       0
       0
       0
       0
       0
       1
       1
       0
       0
       1
       0
       0
       0
       0
       0
       0
       0
       0
       0
       0
       0
       1
       0
       0
       0
       0
       0
       0
       0
       1
       1
       0
       0
       0
       0
       0
       0
       1
       0
       0
$ROI:
0
$PRESETS:
Live Time
120
0
$ENER_FIT:
0.000000 0.000000
$MCA_CAL:
3
0.000000E+000 0.000000E+000 0.000000E+000 
$SHAPE_CAL:
3
0.000000E+000 0.000000E+000 0.000000E+000
