$SPEC_ID:
test1
$SPEC_REM:
DET# 1
DETDESC# DESKTOP-VMO734U digiBASE SN 56271
AP# Maestro Version 7.01
$DATE_MEA:
06/30/2022 17:57:30
$MEAS_TIM:
119 120
$DATA:
0 1023
       0
       0
       0
       0
       0
       0
       0
       1
      45
      68
      85
     170
     481
    1304
    2269
    2824
    2498
    1690
    1009
     516
     250
     146
     136
     143
     126
     138
     155
     134
     104
     132
     120
     159
     196
     282
     394
     585
     607
     689
     698
     633
     570
     471
     409
     325
     227
     134
      95
      71
      53
      73
      54
      55
      45
      57
      59
      60
      62
      43
      56
      59
      64
      70
      62
      63
      51
      64
      60
      71
      73
      70
      69
      75
      67
      80
      57
      79
      69
      56
      61
      72
      70
      68
      74
      73
      65
      62
      64
      73
      65
      73
      73
      57
      59
      73
      64
      54
      65
      69
      41
      50
      44
      64
      52
      49
      45
      46
      56
      50
      67
      62
      46
      58
      62
      60
      64
      77
      82
      73
     103
      88
     101
     114
     116
     112
     111
     143
     132
     153
     154
     130
     142
     171
     134
     143
     119
     136
     106
     122
     119
     109
     111
     114
     128
     135
     175
     169
     184
     235
     252
     253
     288
     297
     297
     296
     304
     271
     270
     249
     232
     220
     195
     172
     125
     108
      97
      98
      93
      75
      59
      67
      51
      45
      34
      27
      38
      22
      19
      22
      18
      14
      12
      17
      13
       7
      11
      11
      10
      11
      14
       9
       9
      10
      12
       9
       8
      15
       4
      14
       7
      14
      14
      15
       4
       6
      10
       4
       8
       6
      10
       8
       5
       8
       9
      10
       9
       8
      10
       9
      14
       6
       7
      10
      13
      10
       3
      11
       8
       9
       4
       9
       6
       7
       5
      11
       8
       8
       2
       5
      12
       3
       6
       8
      11
       9
       7
       6
      12
       5
       9
       6
       9
      10
       9
       4
       6
       6
       7
       9
       2
       6
       9
       6
       4
       6
       6
       5
       9
       8
       6
       3
       3
       4
       1
       3
       6
       8
       6
       8
       5
       8
       5
       4
       4
       9
       2
       7
       4
       4
       4
       1
       4
       5
       7
       8
       2
       3
       2
       2
       7
       5
       4
       5
       3
       2
       6
       7
       4
       5
       2
       4
       2
       4
       4
       5
       4
       4
       3
       3
       3
       2
       5
       4
       3
       3
       7
       5
       7
       2
       3
       6
       5
       2
       1
       1
       9
       2
       4
       2
       4
       3
       5
       3
       2
       3
       3
       5
       1
       5
       5
       1
       2
       3
       4
       0
       5
       4
       3
       3
       1
       5
       5
       3
       1
       4
       6
       5
       0
       3
       5
       3
       2
       5
       3
       4
       4
       3
       5
       2
       0
       8
       3
       3
       1
       5
       4
       3
       3
       3
       2
       2
       3
       2
       3
       7
       3
       2
       7
       5
       3
       4
       1
       3
       8
       5
       4
       3
       1
       6
       4
       2
       1
       3
       3
       3
       5
       0
       1
       1
       2
       0
       0
       0
       4
       6
       1
       1
       0
       6
       3
       1
       3
       1
       2
       2
       4
       5
       3
       1
       3
       3
       3
       1
       1
       3
       1
       4
       2
       1
       4
       3
       2
       4
       3
       4
       4
       4
       1
       4
       1
       4
       3
       3
       0
       0
       0
       2
       3
       3
       0
       3
       1
       2
       1
       1
       2
       4
       1
       2
       2
       0
       3
       1
       2
       3
       1
       1
       2
       5
       1
       4
       3
       4
       2
       1
       2
       5
       1
       3
       1
       0
       4
       1
       0
       2
       1
       2
       2
       5
       1
       2
       1
       0
       0
       1
       0
       3
       0
       3
       2
       2
       0
       0
       0
       0
       2
       1
       1
       0
       2
       1
       0
       1
       0
       2
       1
       1
       2
       1
       4
       1
       0
       1
       1
       5
       2
       2
       0
       2
       1
       2
       0
       2
       2
       4
       3
       0
       1
       0
       0
       2
       3
       1
       2
       4
       0
       0
       1
       3
       2
       4
       3
       1
       3
       3
       2
       2
       1
       3
       3
       4
       2
       3
       3
       2
       1
       3
       3
       1
       6
       3
       4
       4
       1
       1
       0
       1
       3
       5
       1
       2
       1
       1
       1
       1
       2
       1
       1
       2
       2
       0
       2
       1
       0
       0
       3
       0
       0
       2
       1
       0
       0
       2
       0
       1
       0
       2
       0
       1
       2
       0
       0
       1
       0
       0
       1
       0
       1
       0
       0
       1
       1
       1
       1
       0
       2
       0
       1
       0
       0
       0
       2
       0
       2
       1
       0
       1
       0
       0
       0
       0
       1
       0
       1
       0
       0
       1
       1
       0
       1
       0
       0
       1
       1
       0
       0
       2
       1
       1
       0
       1
       0
       0
       1
       1
       2
       0
       1
       0
       1
       0
       1
       0
       0
       0
       0
       0
       1
       2
       1
       0
       3
       0
       2
       0
       0
       1
       0
       1
       0
       1
       1
       1
       1
       1
       2
       1
       0
       0
       0
       1
       0
       0
       1
       0
       0
       2
       0
       1
       0
       0
       0
       0
       2
       0
       1
       1
       1
       2
       0
       0
       0
       1
       0
       0
       1
       1
       1
       0
       0
       0
       2
       0
       1
       0
       1
       0
       0
       0
       1
       0
       0
       0
       0
       0
       0
       1
       2
       0
       1
       0
       1
       0
       0
       0
       0
       0
       0
       0
       0
       0
       0
       0
       0
       0
       1
       0
       0
       1
       0
       0
       0
       0
       0
       0
       0
       1
       1
       0
       0
       0
       0
       0
       0
       0
       0
       0
       1
       1
       0
       0
       0
       0
       0
       0
       0
       1
       1
       0
       0
       0
       0
       0
       0
       1
       0
       0
       0
       0
       0
       0
       0
       0
       0
       1
       0
       0
       0
       0
       1
       0
       0
       0
       1
       0
       0
       0
       1
       0
       1
       0
       1
       0
       0
       0
       0
       0
       0
       1
       0
       2
       0
       1
       0
       0
       0
       0
       2
       0
       0
       1
       0
       0
       0
       0
       0
       1
       0
       0
       1
       0
       0
       0
       1
       0
       0
       0
       0
       0
       0
       1
       0
       0
       1
       0
       1
       0
       0
       0
       0
       0
       0
       0
       0
       0
       0
       0
       0
       1
       0
       0
       1
       1
       1
       1
       0
       0
       0
       0
       0
       0
       0
       0
       0
       0
       0
       1
       0
       0
       0
       0
       0
       0
       0
       0
       0
       0
       0
       1
       0
       0
       0
       0
       0
       1
       1
       0
       1
       1
       0
       0
       0
       0
       0
       0
       0
       0
       1
       0
       0
       0
       0
       1
       0
       0
       0
       0
       0
       1
       0
       0
       0
       0
       0
       0
       0
       0
       1
       0
       0
       0
       0
       0
       1
       0
       0
       1
       0
       0
       0
       0
       0
       0
       0
       0
       0
       0
       1
       1
       0
       0
       0
       0
       0
       0
       1
       0
       0
       0
       0
       0
       0
       1
       0
       0
       0
       0
       0
       0
       0
       0
       0
       0
       0
       0
$ROI:
0
$PRESETS:
Live Time
120
0
$ENER_FIT:
0.000000 0.000000
$MCA_CAL:
3
0.000000E+000 0.000000E+000 0.000000E+000 
$SHAPE_CAL:
3
0.000000E+000 0.000000E+000 0.000000E+000
