$SPEC_ID:
test1
$SPEC_REM:
DET# 1
DETDESC# DESKTOP-VMO734U digiBASE SN 56271
AP# Maestro Version 7.01
$DATE_MEA:
06/30/2022 17:39:27
$MEAS_TIM:
119 120
$DATA:
0 1023
       0
       0
       0
       0
       0
       0
       0
       0
      39
      51
      82
     135
     427
    1007
    1796
    2184
    1919
    1347
     790
     377
     199
     125
     101
     107
      97
     105
     115
     117
     108
      92
     117
     123
     164
     218
     294
     422
     569
     570
     596
     532
     435
     424
     323
     239
     157
     105
      83
      52
      50
      43
      47
      45
      47
      42
      50
      38
      44
      41
      75
      50
      44
      54
      50
      33
      49
      50
      43
      48
      49
      44
      54
      67
      66
      50
      52
      60
      58
      54
      62
      41
      59
      58
      50
      55
      54
      57
      52
      59
      63
      61
      55
      66
      58
      45
      49
      47
      52
      59
      52
      55
      52
      33
      49
      33
      46
      45
      42
      53
      44
      38
      46
      52
      41
      44
      56
      67
      61
      71
      65
      76
      95
      95
      82
      83
      85
     106
     114
     105
     117
     109
     108
     126
     106
     115
      98
     101
      83
      67
     100
     106
      86
      95
     111
     101
     147
     144
     147
     165
     220
     222
     234
     239
     241
     255
     243
     222
     240
     202
     197
     161
     163
     145
     118
      88
      83
      85
      66
      54
      46
      50
      39
      34
      39
      28
      23
      22
      16
      16
      12
      14
      16
      15
       9
      17
      16
      15
      10
      12
      12
       7
      15
       6
      13
      13
       6
       7
       6
      10
      12
       9
       5
       7
      10
       5
       8
       9
       9
      12
      12
      10
       4
      10
       9
      13
      10
       9
       7
      10
       6
       6
      11
       4
      10
       8
      10
       6
       5
      11
       9
       7
       8
       8
       7
       9
      10
       9
       3
       7
      11
      10
       9
      12
      10
       8
       8
       9
       8
       6
       5
       6
      13
       8
      11
       6
      13
       4
       9
       5
       6
       7
       5
      11
       7
       5
       5
       5
       4
       4
       2
       5
       6
       7
       4
       4
       6
       5
       4
       4
       2
       3
       6
       6
       3
       8
       5
       7
       1
       4
       5
       2
       6
       8
       3
       0
       7
       5
       3
       7
       4
       5
       5
       9
       6
       5
       4
       3
       7
       4
       3
       4
       6
       4
       3
       5
       6
       6
       0
       4
       2
       5
       6
       2
       4
       6
       2
       0
       2
       5
       4
       5
       6
       3
       4
       2
       2
       3
       3
       1
       4
       3
       2
       4
       3
       1
       6
       5
       3
       4
       4
       4
       2
       1
       3
       5
       2
       0
       5
       5
       5
       3
       4
       4
       1
       5
       1
       3
       4
       4
       3
       4
       4
       4
       3
       4
       5
       4
       4
       5
       6
       4
       6
       5
       0
       3
       6
       1
       1
       2
       1
       2
       4
       5
       3
       3
       5
       1
       2
       2
       4
       2
       3
       2
       4
       3
       5
       3
       3
       2
       1
       2
       3
       2
       2
       3
       2
       3
       2
       2
       1
       1
       4
       0
       0
       5
       3
       4
       3
       4
       1
       3
       3
       5
       4
       3
       1
       4
       4
       3
       0
       1
       6
       2
       3
       5
       3
       3
       2
       3
       1
       1
       4
       2
       1
       0
       2
       3
       0
       4
       3
       2
       3
       4
       1
       2
       4
       2
       5
       3
       3
       4
       1
       2
       2
       1
       3
       1
       2
       1
       2
       1
       3
       2
       0
       1
       3
       3
       0
       0
       2
       1
       3
       1
       2
       1
       1
       1
       0
       0
       0
       0
       1
       1
       2
       2
       2
       2
       2
       4
       1
       2
       4
       1
       1
       0
       1
       2
       1
       3
       1
       2
       0
       2
       0
       0
       0
       0
       3
       3
       1
       1
       4
       1
       1
       0
       1
       1
       0
       2
       1
       1
       0
       1
       2
       1
       3
       3
       3
       1
       1
       0
       2
       0
       1
       3
       2
       2
       3
       1
       0
       1
       3
       2
       0
       1
       2
       4
       3
       0
       1
       0
       4
       0
       0
       1
       1
       3
       3
       3
       1
       7
       3
       4
       1
       2
       1
       3
       3
       0
       3
       4
       4
       4
       1
       1
       5
       3
       3
       3
       2
       3
       2
       1
       1
       2
       1
       3
       2
       3
       1
       3
       2
       1
       2
       3
       1
       1
       1
       0
       0
       1
       0
       1
       2
       1
       1
       0
       2
       0
       2
       1
       2
       0
       0
       1
       1
       1
       0
       0
       1
       1
       0
       2
       1
       3
       2
       0
       0
       0
       0
       1
       0
       0
       0
       0
       0
       0
       0
       0
       0
       0
       1
       0
       1
       0
       4
       0
       2
       2
       1
       0
       0
       0
       0
       0
       0
       0
       1
       0
       1
       3
       0
       0
       0
       1
       0
       0
       0
       0
       1
       0
       1
       1
       0
       1
       1
       0
       1
       0
       1
       0
       2
       1
       0
       1
       1
       0
       1
       0
       0
       1
       0
       0
       1
       0
       1
       0
       2
       0
       2
       2
       0
       1
       0
       0
       0
       2
       3
       0
       0
       0
       1
       0
       1
       0
       0
       1
       1
       2
       1
       0
       0
       1
       0
       1
       1
       0
       1
       1
       0
       0
       0
       0
       0
       1
       1
       1
       0
       1
       0
       0
       0
       0
       0
       0
       0
       0
       0
       2
       0
       0
       0
       0
       0
       0
       0
       0
       1
       0
       0
       0
       0
       0
       0
       0
       0
       0
       0
       0
       0
       1
       0
       0
       0
       0
       0
       0
       1
       0
       0
       1
       0
       0
       0
       1
       0
       0
       0
       1
       0
       1
       0
       0
       0
       1
       0
       0
       0
       0
       0
       0
       0
       1
       0
       0
       1
       0
       0
       1
       0
       0
       1
       0
       0
       0
       0
       0
       1
       0
       1
       0
       1
       2
       2
       0
       2
       0
       0
       0
       0
       1
       1
       0
       0
       1
       1
       0
       0
       0
       1
       0
       0
       1
       0
       0
       0
       0
       0
       0
       0
       1
       0
       0
       0
       0
       0
       2
       1
       0
       0
       0
       0
       0
       0
       0
       1
       2
       0
       0
       0
       1
       0
       0
       0
       0
       0
       0
       1
       0
       0
       0
       0
       0
       1
       0
       1
       0
       1
       0
       0
       0
       0
       0
       0
       0
       0
       0
       0
       0
       1
       0
       0
       0
       0
       0
       0
       0
       1
       0
       0
       0
       1
       0
       0
       0
       0
       0
       0
       0
       0
       2
       0
       0
       0
       0
       0
       0
       0
       0
       0
       0
       0
       0
       0
       0
       0
       0
       0
       0
       0
       0
       0
       0
       0
       0
       1
       0
       0
       0
       0
       1
       0
       0
       0
       0
       0
       2
       0
       0
       0
       2
       0
       0
       2
       0
       0
       0
       1
       0
       0
       0
       0
       0
       0
       0
       0
       1
       0
       0
       0
       0
       0
       0
       0
       0
       0
       0
       0
       0
       1
       0
       0
       0
       0
       1
       0
       1
       0
       0
       0
       0
       0
       1
       0
       0
$ROI:
0
$PRESETS:
Live Time
120
0
$ENER_FIT:
0.000000 0.000000
$MCA_CAL:
3
0.000000E+000 0.000000E+000 0.000000E+000 
$SHAPE_CAL:
3
0.000000E+000 0.000000E+000 0.000000E+000
