$SPEC_ID:
test1
$SPEC_REM:
DET# 1
DETDESC# DESKTOP-VMO734U digiBASE SN 56271
AP# Maestro Version 7.01
$DATE_MEA:
06/30/2022 17:22:26
$MEAS_TIM:
119 120
$DATA:
0 1023
       0
       0
       0
       0
       0
       0
       0
       2
      26
      45
      63
     119
     350
     826
    1448
    1743
    1492
    1127
     624
     328
     169
      95
      91
     115
      88
     100
      75
      84
      79
      65
      80
     109
     147
     178
     289
     341
     382
     460
     465
     403
     377
     325
     281
     163
     150
     100
      52
      52
      40
      35
      40
      36
      50
      57
      47
      45
      39
      40
      37
      51
      48
      39
      48
      28
      48
      33
      59
      53
      47
      50
      45
      43
      53
      46
      48
      47
      44
      61
      57
      52
      54
      52
      46
      40
      45
      53
      53
      52
      54
      54
      30
      50
      48
      44
      38
      44
      42
      46
      40
      46
      37
      38
      42
      49
      34
      25
      38
      32
      37
      29
      46
      50
      52
      44
      44
      52
      48
      59
      70
      71
      63
      72
      79
      84
      77
     106
      85
      85
      96
      90
      83
     112
      79
      91
      85
      73
      86
      91
      74
      67
      82
      84
      85
      85
     119
     115
     117
     145
     161
     174
     182
     223
     212
     208
     204
     193
     183
     171
     160
     163
     133
     104
      78
      90
      92
      86
      65
      48
      46
      41
      46
      34
      20
      26
      20
      13
      13
      12
      10
      15
      18
      13
      10
      14
      18
      18
      10
       5
       6
      13
       7
      10
       8
       4
       5
      11
       9
      11
      13
       8
       9
      11
      10
       6
       7
      11
       6
       7
      13
       9
      13
       5
       6
      10
      10
       5
       9
       8
       6
       9
      10
      10
       6
      10
      11
       9
       8
       6
       6
      11
       7
      10
       7
      10
      11
       6
       9
       8
       9
       9
       7
       3
       5
       5
       6
       2
       6
       8
       8
       5
       9
       6
       7
       6
      10
       9
       5
       4
       9
       7
       7
      10
       3
       2
       5
       5
       9
       6
       4
       3
      10
       4
       1
       4
       4
       3
       7
       8
       4
       8
       6
       4
       3
       7
       2
       6
       6
       4
       6
       6
       3
       8
       5
       7
      10
       5
       4
       5
      10
       6
       6
       3
       8
       7
       5
       2
       3
       4
       1
       1
       6
       1
       1
       2
       8
       8
       3
       2
       4
       4
       6
       5
       1
       5
       7
       2
       5
       4
       3
       4
       4
       2
       7
       3
       4
       1
       1
       3
       3
       2
       2
       1
       3
       4
       7
       5
       2
       6
       2
       3
       3
       4
       2
       6
       5
       3
       5
       4
       7
       1
       1
       0
       7
       3
       3
       4
       3
       2
       2
       4
       7
       6
       3
       5
       7
       5
       3
       4
       4
       5
       6
       3
       2
       5
       3
       4
       3
       3
       5
       3
       9
       4
       0
       4
       3
       1
       4
       2
       0
       8
       2
       1
       2
       1
       6
       2
       5
       2
       2
       4
       2
       2
       8
       3
       5
       2
       4
       3
       2
       8
       3
       1
       0
       2
       4
       4
       3
       2
       2
       3
       2
       3
       0
       0
       1
       1
       2
       8
       0
       1
       2
       5
       3
       1
       2
       3
       1
       3
       4
       1
       3
       1
       3
       3
       1
       3
       0
       2
       2
       5
       4
       2
       2
       1
       2
       5
       1
       2
       4
       1
       3
       7
       1
       1
       0
       2
       1
       3
       4
       1
       4
       3
       5
       0
       1
       1
       3
       5
       2
       0
       2
       1
       3
       2
       4
       1
       0
       2
       1
       3
       1
       0
       1
       0
       1
       1
       3
       3
       3
       0
       1
       3
       2
       3
       1
       1
       1
       1
       0
       3
       2
       2
       0
       1
       0
       2
       1
       1
       1
       0
       0
       0
       2
       2
       1
       0
       0
       2
       2
       1
       4
       2
       1
       0
       0
       1
       4
       0
       3
       0
       1
       2
       1
       2
       2
       2
       1
       0
       1
       1
       3
       4
       2
       4
       3
       1
       2
       2
       3
       2
       1
       3
       1
       2
       4
       3
       3
       4
       2
       5
       2
       5
       1
       0
       3
       2
       3
       2
       3
       5
       2
       5
       1
       2
       1
       4
       6
       2
       4
       1
       2
       0
       3
       2
       1
       2
       4
       1
       3
       2
       1
       0
       2
       0
       0
       0
       0
       1
       0
       0
       2
       0
       0
       1
       3
       0
       1
       0
       1
       1
       0
       1
       1
       2
       1
       0
       0
       1
       2
       0
       0
       1
       1
       0
       0
       0
       1
       0
       1
       2
       0
       1
       1
       0
       0
       0
       1
       0
       1
       0
       1
       1
       1
       2
       1
       1
       1
       0
       2
       1
       1
       0
       2
       1
       1
       2
       0
       1
       0
       0
       1
       1
       2
       1
       0
       0
       2
       0
       2
       0
       0
       1
       0
       0
       0
       0
       0
       0
       1
       1
       2
       1
       0
       0
       1
       0
       0
       1
       0
       0
       2
       0
       0
       1
       0
       0
       0
       0
       1
       1
       0
       0
       1
       1
       0
       0
       1
       1
       0
       1
       1
       0
       0
       0
       0
       0
       0
       0
       0
       2
       0
       0
       0
       1
       0
       2
       1
       0
       1
       1
       2
       0
       0
       0
       0
       0
       0
       0
       0
       0
       1
       0
       0
       0
       0
       0
       0
       0
       0
       1
       0
       1
       0
       0
       0
       0
       0
       0
       0
       2
       0
       2
       2
       0
       0
       1
       0
       0
       1
       0
       0
       1
       0
       0
       0
       0
       0
       3
       2
       0
       2
       0
       0
       1
       1
       0
       0
       0
       0
       0
       0
       0
       1
       0
       0
       0
       0
       0
       1
       0
       1
       0
       0
       1
       1
       1
       0
       0
       2
       0
       0
       0
       0
       0
       1
       0
       0
       1
       2
       0
       0
       0
       0
       0
       1
       0
       1
       1
       0
       1
       0
       0
       0
       0
       1
       1
       0
       0
       0
       0
       1
       1
       0
       0
       1
       0
       0
       0
       1
       1
       0
       0
       1
       0
       0
       1
       1
       1
       0
       0
       1
       0
       0
       0
       0
       0
       1
       0
       1
       1
       0
       1
       2
       0
       0
       1
       1
       1
       0
       0
       0
       0
       0
       0
       0
       0
       0
       0
       0
       1
       0
       0
       0
       1
       0
       0
       2
       0
       0
       0
       1
       0
       0
       0
       0
       0
       1
       0
       0
       0
       0
       1
       0
       0
       0
       0
       0
       0
       0
       0
       0
       0
       1
       0
       0
       0
       0
       0
       0
       0
       0
       0
       0
       0
       0
       0
       0
       0
       0
       0
       0
       0
       0
       0
       0
       0
       1
       0
       0
       0
       0
       0
       0
       1
       0
       0
       0
       1
       0
       1
       0
       0
       0
       0
       0
       0
       0
       0
       0
       0
       0
       0
       1
       0
       0
       0
       0
       0
       1
       1
       0
       0
       0
       0
       0
       0
       0
       1
       0
       0
       0
       0
       0
       2
       0
       0
       0
       0
       1
       0
       1
       0
       0
       0
$ROI:
0
$PRESETS:
Live Time
120
0
$ENER_FIT:
0.000000 0.000000
$MCA_CAL:
3
0.000000E+000 0.000000E+000 0.000000E+000 
$SHAPE_CAL:
3
0.000000E+000 0.000000E+000 0.000000E+000
