$SPEC_ID:
test1
$SPEC_REM:
DET# 1
DETDESC# DESKTOP-VMO734U digiBASE SN 56271
AP# Maestro Version 7.01
$DATE_MEA:
06/30/2022 17:11:14
$MEAS_TIM:
119 120
$DATA:
0 1023
       0
       0
       0
       0
       0
       0
       0
       1
      20
      45
      48
     114
     322
     777
    1355
    1558
    1413
     997
     590
     283
     171
      98
      83
      67
      89
      75
      77
      71
      88
      89
      91
     115
     140
     179
     240
     313
     399
     429
     411
     387
     328
     303
     238
     169
     133
     101
      66
      60
      47
      41
      36
      38
      27
      42
      43
      52
      41
      38
      41
      49
      31
      42
      41
      27
      38
      46
      53
      44
      39
      50
      58
      45
      40
      41
      45
      33
      55
      51
      43
      40
      39
      40
      42
      45
      42
      48
      42
      40
      61
      52
      58
      35
      45
      51
      33
      59
      40
      33
      37
      48
      35
      35
      33
      37
      32
      31
      38
      31
      36
      35
      44
      42
      45
      38
      42
      43
      42
      55
      45
      79
      71
      82
      77
      65
      79
      84
      75
      83
      90
      76
      93
      97
      92
      83
      88
      76
      78
      69
      59
      73
      53
      65
      85
      87
     105
     101
     108
     129
     163
     161
     181
     160
     171
     170
     172
     168
     163
     167
     128
     127
     105
     107
      78
      88
      71
      58
      46
      51
      36
      28
      35
      28
      29
      23
      20
      18
      10
      15
      18
      22
      12
      11
      14
       9
       9
       8
       7
      13
       5
      10
      13
      12
       6
      10
       5
      10
      10
      12
      11
       8
       9
       7
       7
      12
      10
       8
       8
       7
      12
      10
      12
      11
       9
       7
      10
       7
      11
      11
      14
       4
       6
       6
      10
       6
       9
      14
      11
      14
       5
       7
       8
       6
       8
       5
       9
      15
       5
       6
      11
       6
       6
       3
       5
       8
       6
       5
       6
       6
       8
       6
      12
       2
       7
      10
       7
       7
       5
       8
       8
      11
       5
       6
       5
       9
       3
       7
      13
       4
       9
      11
       9
       3
      10
       7
       5
      10
       4
       3
       4
       8
       3
       6
       3
       5
       4
       6
       3
       5
       7
       7
       5
       2
       5
       6
       5
       4
       7
       3
       9
       6
       3
       2
       4
       4
       3
       1
       9
       8
       2
       4
       2
       6
       6
       5
       4
       5
       5
       6
       4
       0
       5
       6
       3
       5
       1
       2
       4
       4
       4
       2
       3
       1
       3
       4
       5
       4
       4
       4
       2
       5
       3
       5
       5
       2
       4
       2
       6
       4
       4
       4
       2
       8
       4
       3
       2
       5
       6
       8
       6
       3
       3
       4
       7
       5
       5
       4
       1
       6
       2
       4
       5
       2
       4
       2
       3
       0
       3
       2
       5
       4
       2
       3
       7
       2
       2
       4
       2
       2
       6
       4
       5
       5
       6
       4
       1
       4
       5
       2
       3
       1
       3
       2
       3
       5
       3
       3
       3
       4
       3
       4
       5
       6
       0
       1
       4
       1
       3
       1
       2
       0
       2
       1
       0
       3
       3
       3
       5
       1
       2
       0
       6
       0
       3
       1
       3
       2
       2
       0
       1
       1
       8
       6
       4
       0
       4
       1
       1
       2
       5
       1
       5
       1
       4
       3
       3
       4
       4
       3
       0
       1
       1
       1
       2
       3
       3
       3
       2
       1
       1
       2
       1
       1
       0
       0
       1
       3
       1
       3
       3
       1
       2
       2
       1
       2
       4
       2
       3
       2
       3
       3
       2
       1
       1
       2
       0
       3
       1
       1
       2
       1
       2
       2
       5
       0
       2
       0
       1
       2
       2
       1
       2
       3
       1
       1
       0
       1
       2
       1
       0
       3
       2
       3
       1
       3
       3
       3
       1
       1
       0
       1
       1
       1
       2
       0
       1
       0
       2
       1
       2
       2
       0
       1
       1
       1
       0
       1
       1
       2
       0
       2
       3
       3
       2
       1
       1
       0
       2
       0
       0
       0
       0
       1
       1
       1
       5
       2
       1
       2
       2
       2
       4
       1
       5
       3
       2
       2
       4
       4
       2
       4
       4
       4
       3
       1
       3
       1
       2
       1
       5
       3
       4
       5
       6
       1
       1
       3
       1
       1
       3
       1
       2
       0
       1
       1
       1
       1
       1
       1
       2
       1
       2
       0
       3
       0
       0
       2
       0
       4
       2
       1
       0
       1
       5
       0
       1
       1
       1
       0
       2
       1
       0
       1
       1
       0
       0
       2
       0
       1
       0
       3
       0
       0
       1
       2
       0
       1
       0
       2
       0
       1
       1
       0
       0
       1
       0
       0
       0
       0
       1
       1
       1
       1
       0
       0
       0
       0
       2
       0
       1
       0
       0
       0
       1
       1
       0
       0
       0
       1
       0
       0
       1
       1
       0
       0
       0
       0
       0
       0
       0
       0
       0
       0
       0
       0
       0
       0
       0
       1
       2
       0
       1
       0
       1
       0
       1
       0
       1
       0
       0
       2
       1
       0
       1
       1
       0
       0
       0
       1
       0
       0
       0
       0
       0
       0
       0
       0
       1
       0
       0
       0
       0
       0
       1
       1
       2
       0
       1
       0
       0
       0
       1
       0
       1
       1
       0
       0
       0
       0
       1
       0
       1
       0
       0
       0
       0
       0
       1
       1
       0
       0
       1
       1
       0
       0
       0
       0
       0
       1
       0
       1
       1
       2
       0
       1
       1
       0
       0
       0
       0
       0
       0
       0
       0
       0
       0
       0
       2
       2
       0
       0
       1
       0
       0
       1
       0
       1
       0
       0
       0
       1
       0
       0
       2
       0
       0
       0
       1
       1
       1
       1
       1
       0
       0
       0
       0
       0
       1
       1
       0
       1
       0
       1
       0
       0
       0
       0
       0
       0
       0
       0
       0
       0
       1
       0
       0
       0
       0
       0
       0
       0
       0
       1
       2
       0
       0
       1
       0
       0
       0
       0
       1
       1
       0
       0
       0
       0
       1
       1
       0
       0
       1
       1
       0
       0
       1
       0
       0
       0
       0
       0
       1
       0
       0
       0
       0
       1
       0
       0
       0
       1
       0
       0
       1
       0
       0
       0
       1
       0
       0
       0
       0
       0
       0
       0
       0
       1
       0
       0
       1
       0
       0
       0
       4
       0
       1
       1
       1
       0
       0
       0
       0
       0
       0
       0
       0
       0
       2
       1
       0
       0
       0
       0
       0
       0
       0
       0
       0
       0
       1
       0
       0
       0
       0
       0
       0
       0
       0
       0
       0
       0
       0
       1
       0
       0
       0
       0
       1
       0
       0
       1
       0
       0
       0
       0
       0
       0
       0
       1
       0
       0
       0
       1
       0
       0
       0
       0
       0
       1
       0
       0
       0
       0
       0
       0
       0
       1
       0
       0
       0
       0
       0
       0
       0
       0
       0
       0
       0
       0
       0
       0
       0
       1
       0
       0
       0
       2
       0
       1
       1
       0
       0
       0
       0
       1
       0
       1
       0
       0
       1
       0
       0
       0
       0
       1
       0
       0
       0
       1
       1
       1
       0
       0
       0
       0
$ROI:
0
$PRESETS:
Live Time
120
0
$ENER_FIT:
0.000000 0.000000
$MCA_CAL:
3
0.000000E+000 0.000000E+000 0.000000E+000 
$SHAPE_CAL:
3
0.000000E+000 0.000000E+000 0.000000E+000
