$SPEC_ID:
test1
$SPEC_REM:
DET# 1
DETDESC# DESKTOP-VMO734U digiBASE SN 56271
AP# Maestro Version 7.01
$DATE_MEA:
06/30/2022 17:52:50
$MEAS_TIM:
119 120
$DATA:
0 1023
       0
       0
       0
       0
       0
       0
       0
       0
      59
      60
      81
     185
     475
    1267
    2343
    2844
    2452
    1731
    1007
     488
     280
     122
     132
     143
     131
     142
     144
     126
     127
     140
     103
     123
     213
     282
     419
     518
     679
     711
     680
     658
     563
     448
     411
     299
     212
     135
      85
      71
      56
      45
      60
      53
      60
      48
      53
      58
      66
      54
      50
      57
      45
      66
      50
      61
      63
      65
      71
      62
      77
      76
      56
      73
      79
      55
      78
      60
      65
      77
      72
      54
      78
      65
      58
      80
      66
      72
      55
      74
      57
      64
      63
      60
      57
      71
      56
      68
      75
      73
      54
      51
      62
      53
      47
      51
      56
      35
      48
      49
      51
      48
      39
      69
      60
      53
      72
      70
      77
      97
      86
      94
     122
     116
     126
     109
     118
     122
     153
     145
     168
     135
     153
     140
     149
     139
     120
     117
     115
      93
     107
     114
      90
     101
     110
     124
     165
     151
     195
     204
     240
     233
     291
     302
     322
     294
     277
     309
     249
     256
     225
     218
     179
     185
     141
     148
     113
     114
      84
      71
      61
      74
      43
      39
      41
      25
      28
      27
      27
      23
      19
      19
      10
      14
      10
      10
      11
      13
      13
      13
      10
      16
       4
      12
       6
      14
      10
      13
      12
       9
       9
      11
      15
       6
       6
       6
       6
       8
       7
       4
       7
      14
      13
       7
      13
      11
       6
       8
       8
       4
       3
      16
      10
      12
      10
       9
       8
       5
       5
       7
      10
       8
       9
       5
       4
       5
       3
       2
       5
       7
       9
       9
       3
       5
       6
       7
      13
       8
       8
       7
       3
       8
      14
       4
       7
       6
       8
      14
       5
       4
       4
      10
      10
       6
      10
       1
      11
       5
       3
       7
       6
       8
       5
      13
       9
       5
      10
       6
       3
       5
       5
       4
       1
       4
       4
       1
       5
       8
       3
       2
       8
       6
       4
       5
       4
       3
       2
       3
       5
       2
       7
       4
       3
       5
       5
       2
       8
       5
       3
       3
       1
       6
      11
       4
       4
       2
       2
       4
       5
       4
       4
       2
       3
       5
       1
       5
       5
       4
       2
       4
       6
       4
       3
       6
       3
       2
       4
       4
       1
       5
       5
       3
       4
       3
       2
       4
       3
       7
       6
       2
       5
       3
       2
       4
       4
       2
       5
       2
       4
       2
       3
       2
       1
       3
       4
       4
       4
       2
       5
       5
       1
       2
       3
       1
       1
       1
       7
       2
       4
       3
       5
       3
       3
       3
       4
       3
       0
       1
       0
       2
       3
       2
       5
       1
       0
       5
       3
       6
       8
       5
       3
       2
       2
       4
       4
       5
       3
       2
       3
       1
       1
       3
       1
       4
       5
       3
       2
       3
       5
       2
       1
       3
       3
       3
       3
       5
       0
       1
       2
       4
       2
       3
       1
       4
       0
       5
       2
       2
       4
       2
       4
       3
       4
       2
       4
       3
       2
       5
       1
       5
       3
       3
       1
       2
       1
       3
       2
       4
       3
       4
       1
       2
       5
       1
       1
       3
       2
       1
       1
       2
       2
       3
       3
       1
       1
       1
       3
       3
       3
       1
       2
       1
       3
       2
       2
       1
       3
       1
       3
       2
       0
       1
       3
       5
       2
       2
       1
       1
       1
       1
       0
       0
       0
       3
       1
       0
       1
       3
       0
       1
       1
       0
       0
       1
       3
       3
       1
       2
       3
       2
       0
       2
       0
       0
       4
       3
       1
       1
       0
       1
       1
       2
       4
       0
       1
       1
       1
       1
       2
       2
       1
       2
       2
       3
       3
       1
       2
       1
       0
       0
       2
       0
       1
       1
       4
       1
       2
       1
       1
       2
       3
       1
       2
       1
       2
       0
       1
       2
       2
       2
       2
       2
       1
       1
       3
       2
       1
       1
       3
       5
       3
       2
       3
       4
       3
       3
       2
       3
       2
       2
       2
       4
       3
       2
       1
       3
       2
       2
       1
       3
       1
       3
       2
       0
       2
       1
       1
       2
       0
       1
       1
       2
       0
       2
       4
       1
       0
       1
       2
       0
       1
       1
       1
       1
       2
       1
       2
       0
       1
       0
       0
       0
       0
       1
       1
       0
       2
       3
       1
       0
       0
       2
       0
       0
       0
       0
       0
       0
       2
       0
       0
       1
       1
       0
       1
       0
       0
       0
       0
       0
       0
       0
       1
       0
       3
       0
       0
       1
       0
       1
       0
       0
       0
       1
       1
       0
       0
       2
       0
       1
       0
       2
       2
       0
       1
       0
       1
       0
       2
       0
       1
       2
       1
       0
       0
       2
       0
       0
       0
       1
       0
       0
       0
       0
       0
       0
       1
       0
       1
       0
       0
       0
       0
       0
       0
       1
       0
       0
       0
       0
       0
       0
       1
       1
       0
       2
       0
       2
       1
       1
       1
       0
       0
       1
       0
       0
       0
       1
       1
       0
       1
       0
       0
       0
       1
       2
       0
       1
       1
       0
       0
       2
       0
       0
       0
       0
       0
       0
       0
       0
       0
       0
       0
       1
       2
       1
       0
       0
       0
       0
       0
       0
       0
       0
       0
       1
       0
       0
       0
       0
       0
       0
       1
       0
       0
       1
       1
       0
       0
       0
       0
       0
       0
       0
       1
       0
       0
       0
       0
       0
       0
       0
       0
       0
       0
       0
       1
       0
       1
       0
       0
       0
       1
       2
       0
       1
       0
       0
       0
       0
       0
       0
       2
       0
       0
       1
       0
       1
       0
       1
       0
       1
       1
       0
       0
       1
       0
       0
       0
       1
       1
       0
       0
       1
       0
       0
       1
       1
       0
       0
       0
       0
       0
       1
       0
       0
       2
       0
       1
       0
       0
       0
       0
       0
       2
       0
       1
       0
       0
       0
       0
       0
       0
       1
       1
       0
       1
       0
       0
       0
       0
       0
       1
       0
       2
       1
       1
       1
       0
       1
       0
       2
       0
       0
       1
       0
       0
       0
       0
       0
       1
       2
       0
       0
       0
       1
       1
       1
       0
       1
       0
       0
       0
       0
       0
       0
       0
       0
       0
       0
       1
       0
       0
       0
       0
       0
       1
       0
       1
       0
       1
       0
       1
       2
       0
       0
       0
       0
       0
       0
       0
       0
       0
       0
       0
       0
       0
       0
       0
       0
       0
       0
       1
       0
       0
       0
       0
       0
       0
       0
       0
       0
       0
       0
       0
       0
       0
       0
       0
       0
       0
       0
       0
       0
       0
       0
       0
       0
       0
       0
       0
       0
       0
       0
       1
       0
       0
       0
       0
       0
       2
       1
       0
       0
       0
       0
       0
       0
       0
       0
       0
       0
       0
       1
       0
       3
       0
       2
       0
       0
       0
       0
       1
       2
       0
       0
       0
       0
       0
       1
       1
       0
       0
       0
       0
       0
$ROI:
0
$PRESETS:
Live Time
120
0
$ENER_FIT:
0.000000 0.000000
$MCA_CAL:
3
0.000000E+000 0.000000E+000 0.000000E+000 
$SHAPE_CAL:
3
0.000000E+000 0.000000E+000 0.000000E+000
