$SPEC_ID:
test1
$SPEC_REM:
DET# 1
DETDESC# DESKTOP-VMO734U digiBASE SN 56271
AP# Maestro Version 7.01
$DATE_MEA:
06/30/2022 17:19:45
$MEAS_TIM:
119 120
$DATA:
0 1023
       0
       0
       0
       0
       0
       0
       0
       0
      29
      54
      64
      93
     323
     879
    1421
    1816
    1542
    1036
     621
     308
     161
      92
      71
      85
     109
      69
      92
      93
      78
      74
      83
      93
     131
     185
     260
     387
     404
     444
     444
     426
     358
     324
     246
     169
     132
     107
      62
      50
      49
      48
      40
      35
      34
      50
      51
      47
      62
      48
      54
      40
      37
      28
      47
      45
      48
      50
      53
      47
      52
      41
      51
      59
      57
      57
      74
      55
      40
      59
      38
      47
      49
      41
      44
      47
      41
      53
      50
      36
      56
      43
      53
      42
      42
      41
      44
      34
      43
      42
      55
      35
      52
      37
      43
      36
      46
      37
      33
      38
      34
      41
      36
      38
      32
      38
      43
      46
      59
      55
      51
      70
      74
      72
      74
      81
      78
      96
      91
      69
      93
      76
      97
     108
      88
      82
      79
      80
      68
      74
      84
      75
      75
      75
      73
     101
     110
     125
     135
     147
     149
     169
     203
     181
     211
     203
     203
     172
     187
     191
     138
     171
     122
     120
     113
      85
      78
      65
      69
      62
      56
      52
      33
      38
      18
      19
      29
      21
      21
      18
      16
      18
       8
      18
      10
       8
      13
       8
      11
      13
      10
      11
      15
      10
      10
       7
      11
       9
       7
      13
      11
       8
       7
       8
       6
       6
       5
      10
      10
      15
       6
       5
      11
      10
      16
       5
      13
       7
      10
       7
       6
       7
       7
      13
       8
       8
      10
      10
      12
       9
       8
       8
       5
       5
      11
       5
       4
       8
       4
      10
       6
       9
       6
      10
      10
      10
      11
       4
       4
       3
      11
      11
       4
       6
      12
      13
       7
       6
       8
      10
       9
       3
       3
       4
       3
       5
       5
       8
       5
       6
       2
       5
       8
       6
       9
       5
       5
       5
       6
       3
       8
       1
       8
       4
       2
       6
       6
       7
       5
       4
       3
       3
       3
       6
      12
       6
       1
       3
       5
       2
       4
       5
       4
       4
       2
       7
       3
       4
       2
       4
       4
       4
      10
       3
       6
       1
       1
       5
       4
       4
       0
       5
       5
       2
       3
       8
       1
       2
       7
       7
       4
       5
       3
       2
       3
       3
       5
       7
       5
       3
       4
       4
       6
       5
       3
       8
       3
       1
       4
       3
       7
       3
       5
       4
       3
       2
       3
       3
       3
       6
       3
       3
       4
       2
       2
       5
       6
       3
       4
       4
       5
       1
       4
       1
       1
       3
       4
       6
       3
       3
       3
       5
       3
       7
       2
       4
       2
       3
       3
       2
       3
       3
       2
       3
       7
       5
       3
       7
       2
       2
       2
       4
       5
       2
       5
       4
       2
       3
       2
       2
       4
       2
       3
       1
       1
       3
       2
       2
       3
       2
       3
       3
       4
       4
       1
       2
       2
       1
       1
       6
       3
       4
       2
       2
       5
       3
       4
       3
       4
       0
       4
       3
       1
       1
       0
       2
       1
       3
       2
       4
       0
       1
       2
       3
       5
       7
       3
       1
       2
       2
       3
       2
       2
       5
       1
       2
       2
       3
       2
       3
       4
       2
       3
       4
       5
       5
       0
       0
       2
       3
       0
       1
       4
       2
       2
       3
       4
       2
       1
       1
       2
       2
       2
       0
       0
       1
       1
       1
       1
       0
       1
       2
       0
       0
       3
       3
       2
       3
       3
       1
       2
       3
       1
       3
       0
       1
       1
       1
       3
       3
       2
       0
       2
       0
       0
       0
       0
       2
       2
       2
       1
       1
       1
       1
       0
       1
       1
       2
       0
       4
       1
       1
       2
       0
       2
       4
       1
       3
       2
       1
       1
       2
       1
       0
       0
       4
       1
       4
       1
       0
       1
       1
       1
       2
       1
       2
       0
       4
       2
       1
       4
       4
       3
       1
       2
       2
       3
       5
       3
       0
       0
       3
       2
       4
       3
       2
       2
       3
       4
       1
       9
       5
       5
       2
       6
       4
       5
       0
       1
       3
       4
       3
       1
       2
       1
       0
       2
       0
       1
       0
       2
       3
       2
       1
       1
       1
       2
       1
       1
       3
       2
       0
       1
       0
       0
       1
       1
       0
       0
       1
       1
       1
       0
       1
       1
       0
       1
       0
       0
       0
       1
       0
       2
       0
       1
       0
       1
       1
       0
       1
       2
       0
       1
       2
       0
       3
       0
       0
       0
       1
       1
       3
       1
       0
       0
       0
       0
       0
       0
       0
       0
       0
       0
       0
       0
       1
       1
       2
       0
       0
       2
       0
       2
       0
       1
       0
       0
       0
       0
       1
       2
       2
       0
       0
       1
       0
       0
       1
       0
       2
       0
       0
       1
       1
       0
       2
       1
       0
       0
       1
       0
       0
       0
       0
       0
       1
       1
       1
       2
       0
       0
       1
       1
       0
       1
       0
       0
       0
       1
       0
       1
       0
       0
       0
       0
       0
       1
       1
       0
       0
       0
       0
       0
       0
       1
       0
       0
       0
       0
       1
       1
       0
       1
       0
       0
       2
       0
       0
       0
       0
       0
       1
       0
       2
       0
       0
       1
       0
       0
       1
       1
       0
       0
       1
       0
       1
       0
       1
       1
       1
       0
       0
       0
       0
       0
       0
       0
       3
       0
       0
       1
       0
       0
       0
       0
       0
       1
       1
       0
       0
       0
       0
       0
       0
       1
       0
       0
       1
       0
       0
       0
       1
       0
       0
       1
       1
       0
       0
       1
       1
       0
       0
       0
       0
       0
       0
       1
       0
       0
       1
       1
       0
       0
       1
       0
       0
       0
       0
       0
       0
       1
       1
       0
       0
       0
       0
       0
       1
       1
       0
       1
       0
       0
       0
       0
       1
       0
       2
       0
       2
       2
       0
       0
       2
       0
       0
       0
       0
       0
       1
       0
       0
       0
       0
       0
       0
       0
       1
       0
       0
       0
       1
       0
       0
       0
       0
       0
       0
       0
       2
       0
       0
       0
       0
       0
       1
       0
       0
       0
       0
       0
       0
       0
       0
       0
       0
       0
       0
       0
       1
       0
       0
       0
       0
       1
       0
       0
       0
       1
       0
       0
       1
       0
       0
       0
       0
       2
       0
       0
       0
       0
       1
       0
       0
       0
       0
       1
       0
       0
       0
       0
       0
       0
       0
       1
       0
       0
       0
       0
       1
       0
       1
       0
       0
       0
       0
       0
       0
       0
       0
       0
       0
       0
       0
       0
       0
       0
       0
       0
       0
       0
       0
       1
       0
       0
       0
       0
       0
       0
       0
       0
       0
       0
       0
       0
       0
       0
       0
       1
       0
       1
       0
       0
       1
       2
       0
       0
       1
       0
       0
       0
       0
       0
       1
       3
       0
       1
       0
       0
       0
       0
       0
       0
       0
       1
       0
       1
       0
       2
       0
       0
       1
       1
       0
       1
       1
$ROI:
0
$PRESETS:
Live Time
120
0
$ENER_FIT:
0.000000 0.000000
$MCA_CAL:
3
0.000000E+000 0.000000E+000 0.000000E+000 
$SHAPE_CAL:
3
0.000000E+000 0.000000E+000 0.000000E+000
