$SPEC_ID:
test1
$SPEC_REM:
DET# 1
DETDESC# DESKTOP-VMO734U digiBASE SN 56271
AP# Maestro Version 7.01
$DATE_MEA:
06/30/2022 17:08:31
$MEAS_TIM:
119 120
$DATA:
0 1023
       0
       0
       0
       0
       0
       0
       0
       2
      23
      37
      52
      99
     301
     789
    1380
    1581
    1473
    1011
     561
     289
     136
      95
      89
      75
      90
      98
      81
      97
      79
      91
      86
      87
     151
     197
     263
     318
     379
     452
     422
     351
     378
     291
     229
     171
     116
      78
      54
      46
      44
      45
      38
      38
      49
      31
      42
      44
      31
      38
      45
      31
      54
      35
      39
      55
      38
      41
      49
      52
      38
      50
      53
      44
      53
      46
      50
      58
      43
      46
      39
      36
      53
      43
      44
      40
      37
      59
      47
      51
      49
      41
      54
      34
      38
      46
      32
      48
      34
      42
      47
      48
      34
      31
      44
      43
      35
      40
      33
      30
      36
      35
      31
      39
      48
      50
      35
      38
      48
      47
      61
      60
      58
      70
      62
      84
      76
      75
      98
      82
      89
     101
      98
      93
      89
      81
      98
      82
      68
      59
      69
      64
      68
      69
      63
      87
     119
     112
     126
     146
     141
     169
     191
     178
     194
     197
     213
     175
     171
     162
     164
     118
     115
     121
     103
      88
      78
      60
      48
      32
      52
      46
      29
      31
      16
      23
      22
      18
      12
      13
      11
      22
      10
       6
      11
       9
       9
       7
       7
       9
      12
      15
      10
       6
       9
       7
      13
       9
       6
      13
       6
       9
      13
       8
       5
       9
       9
      10
       8
       9
       5
      13
      11
       7
      11
       6
      15
       8
       7
       5
       6
       4
       9
       9
       8
       9
      11
       4
       3
       8
       6
       4
       7
       5
       7
       3
       7
       7
       7
       7
       7
      13
       3
       5
       6
      16
       4
       7
      11
       9
      10
       4
       8
       4
       2
       4
       8
       1
       5
      10
       9
       4
       8
       4
       6
       7
      11
       4
       7
       9
       4
       2
       2
       6
       3
       5
       7
       5
       1
       6
       7
       7
       6
       5
       6
       6
       8
       3
       5
       4
       8
       3
       0
       4
       3
       6
       4
       6
       4
       1
       6
       5
       8
      10
       2
       8
       7
       2
       8
       2
       4
       3
       8
       4
       7
       2
       2
       6
       5
       5
       5
       5
       2
       6
      10
       3
       2
       5
       4
       2
       3
       1
       5
       7
       1
       4
       1
       0
       3
       1
       2
       2
       4
       3
       5
       4
       4
       6
       5
       1
       2
       4
       0
       4
       1
       3
       5
       2
       1
       6
       3
       4
       4
       5
       1
       3
       3
       4
       5
       2
       9
       4
       2
       2
       4
       6
       3
       1
       4
       4
       4
       7
       4
       6
       6
       4
       6
       3
       5
       3
       5
       3
       4
       3
       2
       2
       0
       3
       2
       4
       5
       1
       2
       6
       2
       2
       8
       3
       4
       3
       3
       5
       2
       1
       0
       4
       1
       3
       2
       3
       1
       2
       2
       2
       2
       3
       2
       2
       7
       1
       1
       2
       0
       5
       1
       3
       0
       0
       1
       6
       2
       1
       1
       3
       1
       0
       0
       9
       3
       2
       3
       4
       2
       3
       2
       3
       2
       2
       3
       2
       3
       0
       2
       2
       5
       2
       0
       4
       2
       2
       3
       5
       4
       3
       3
       1
       3
       2
       4
       0
       1
       3
       1
       2
       4
       1
       4
       0
       2
       1
       2
       1
       4
       4
       2
       4
       3
       1
       1
       3
       3
       1
       2
       2
       4
       0
       5
       1
       0
       3
       4
       2
       1
       0
       2
       1
       2
       3
       1
       0
       3
       1
       0
       0
       2
       3
       2
       3
       1
       1
       2
       2
       1
       1
       1
       1
       1
       4
       0
       2
       1
       1
       2
       4
       2
       1
       1
       2
       0
       2
       1
       1
       2
       1
       3
       1
       1
       0
       1
       1
       2
       2
       0
       2
       0
       0
       0
       0
       2
       2
       3
       1
       4
       4
       0
       5
       4
       2
       7
       4
       1
       0
       5
       2
       4
       2
       4
       6
       2
       1
       6
       3
       3
       3
       1
       0
       4
       3
       0
       1
       1
       1
       2
       1
       3
       9
       1
       1
       2
       0
       1
       0
       1
       2
       1
       1
       2
       1
       0
       2
       0
       1
       1
       0
       0
       0
       1
       2
       0
       0
       0
       1
       1
       1
       1
       0
       1
       0
       0
       0
       1
       0
       1
       0
       2
       1
       1
       0
       0
       0
       0
       0
       0
       3
       0
       0
       1
       1
       3
       0
       1
       0
       0
       2
       0
       0
       0
       0
       1
       1
       1
       0
       0
       1
       0
       1
       0
       0
       1
       1
       1
       0
       0
       0
       1
       0
       1
       1
       0
       0
       1
       0
       0
       4
       0
       2
       0
       1
       0
       0
       0
       0
       0
       0
       0
       0
       0
       0
       1
       0
       2
       1
       2
       1
       0
       1
       0
       0
       2
       0
       0
       0
       0
       0
       1
       0
       0
       2
       0
       0
       1
       0
       1
       0
       1
       1
       1
       0
       0
       0
       0
       0
       1
       0
       0
       0
       0
       2
       0
       0
       1
       0
       1
       1
       1
       1
       1
       1
       0
       0
       0
       0
       0
       0
       0
       0
       0
       1
       0
       0
       0
       0
       1
       0
       0
       0
       2
       0
       0
       0
       0
       0
       0
       0
       0
       0
       0
       0
       0
       1
       0
       0
       0
       0
       1
       0
       0
       0
       0
       0
       0
       0
       0
       0
       0
       1
       0
       1
       0
       0
       0
       0
       1
       0
       1
       0
       0
       0
       1
       0
       1
       0
       0
       1
       2
       0
       0
       1
       0
       0
       1
       1
       0
       2
       1
       1
       0
       0
       0
       0
       2
       0
       1
       2
       1
       0
       0
       0
       2
       0
       1
       0
       0
       0
       0
       0
       0
       0
       0
       0
       0
       0
       0
       0
       0
       0
       1
       0
       0
       0
       0
       1
       0
       1
       1
       1
       0
       0
       0
       0
       0
       0
       0
       1
       0
       0
       0
       0
       1
       1
       0
       0
       0
       0
       0
       0
       1
       0
       0
       0
       0
       0
       0
       0
       0
       1
       0
       0
       0
       1
       0
       1
       0
       0
       0
       0
       1
       1
       1
       0
       0
       0
       0
       0
       0
       0
       0
       0
       1
       0
       0
       2
       0
       0
       0
       1
       0
       1
       1
       0
       0
       0
       0
       0
       0
       1
       0
       0
       0
       0
       0
       0
       1
       0
       0
       1
       0
       0
       0
       0
       0
       0
       2
       0
       0
       0
       0
       1
       0
       0
       0
       0
       0
       0
       0
       0
       0
       0
       0
       0
       0
       0
       0
       0
       0
       0
       0
       0
       0
       0
       0
       0
       0
       0
       0
       0
       0
       0
       0
       0
       0
       0
       0
       1
       2
       0
       0
       1
       0
       0
       0
       0
       0
       1
       0
       1
       0
       1
       1
       2
       0
       1
       0
       0
       1
       0
$ROI:
0
$PRESETS:
Live Time
120
0
$ENER_FIT:
0.000000 0.000000
$MCA_CAL:
3
0.000000E+000 0.000000E+000 0.000000E+000 
$SHAPE_CAL:
3
0.000000E+000 0.000000E+000 0.000000E+000
