$SPEC_ID:
test1
$SPEC_REM:
DET# 1
DETDESC# DESKTOP-VMO734U digiBASE SN 56271
AP# Maestro Version 7.01
$DATE_MEA:
06/30/2022 17:45:14
$MEAS_TIM:
119 120
$DATA:
0 1023
       0
       0
       0
       0
       0
       0
       0
       2
      30
      69
      87
     146
     455
    1079
    1980
    2346
    2162
    1499
     860
     427
     205
     114
     114
     109
     116
     143
     116
     106
     113
      96
     110
     140
     172
     252
     327
     474
     560
     647
     619
     592
     458
     398
     347
     270
     192
     105
      91
      66
      47
      60
      46
      43
      52
      47
      43
      51
      43
      46
      45
      41
      54
      50
      53
      55
      59
      53
      51
      62
      66
      60
      54
      59
      55
      79
      71
      79
      60
      72
      52
      66
      62
      54
      74
      63
      61
      53
      63
      74
      70
      67
      57
      47
      61
      53
      59
      53
      44
      42
      57
      41
      48
      51
      46
      58
      47
      38
      34
      50
      58
      42
      50
      63
      56
      56
      57
      89
      58
      79
      90
     100
      83
      96
     103
     102
     121
     127
     125
     122
     127
     124
     137
     140
     138
     121
     106
     122
     110
     109
      94
      73
      86
      96
      97
     114
     141
     157
     177
     203
     224
     265
     233
     262
     262
     273
     264
     269
     238
     220
     224
     208
     158
     157
     137
     110
      94
     108
      72
      64
      65
      43
      41
      34
      39
      34
      23
      21
      22
      20
      13
      21
      15
      20
      13
      14
      12
      14
      15
      20
      10
      14
      11
      12
       7
      11
      14
       6
       8
       6
      11
       8
       8
       3
       7
       4
      14
      11
      13
       8
       6
       9
       9
      10
       9
       8
       9
       6
      12
       9
       8
      12
      10
      15
       7
       6
       6
       5
      10
      15
       8
       4
       5
      11
      10
       9
      11
       9
       9
      11
       8
      10
       8
      12
       3
       7
       7
      13
      10
       6
      11
       2
       8
       6
       8
      12
       6
       8
       4
      12
       5
       8
       7
       7
       3
       5
       6
       9
       1
       6
       3
      10
       4
       2
       7
       5
       6
      10
       9
       7
       5
       5
       3
       5
      10
       3
       8
       5
       6
       5
       5
       6
       1
       2
       5
       2
       3
       5
       6
      11
       5
       5
       5
       6
       9
       6
       7
       5
       2
       3
       9
       1
       3
       4
       4
       5
       6
       3
       8
       6
       5
       5
       8
       3
       2
       1
       2
       8
       6
       3
       3
       6
       5
      10
       6
       5
       4
       3
       7
       3
       7
       3
       2
       2
       0
       3
       9
       2
       5
       5
       3
       2
       3
       2
       2
       1
       2
       4
       3
       3
       4
       2
       2
       0
       2
       4
       1
       4
       5
       4
       3
       9
       1
       0
       2
       5
       4
       5
       2
       5
       3
       4
       5
       3
       5
       0
       5
       1
       5
       3
       3
       2
       4
       3
       5
       2
       5
       5
       3
       5
       4
       6
       3
       2
       4
       3
       3
       3
       0
       2
       1
       2
       4
       1
       6
       5
       6
       1
       5
       4
       1
       3
       3
       1
       2
       1
       3
       2
       3
       2
       4
       3
       1
       1
       1
       1
       3
       3
       3
       4
       4
       2
       2
       3
       2
       3
       6
       2
       2
       4
       1
       2
       2
       4
       4
       1
       2
       5
       4
       2
       3
       1
       5
       3
      10
       2
       0
       4
       1
       3
       5
       1
       4
       1
       2
       3
       4
       2
       6
       3
       4
       0
       2
       2
       1
       3
       1
       2
       2
       0
       4
       0
       4
       1
       5
       4
       1
       3
       2
       1
       1
       1
       2
       2
       2
       0
       1
       3
       3
       0
       1
       0
       4
       5
       4
       2
       3
       2
       3
       1
       2
       0
       0
       0
       2
       4
       1
       0
       3
       2
       1
       1
       4
       2
       3
       0
       2
       2
       0
       2
       1
       1
       3
       2
       1
       0
       0
       0
       1
       4
       1
       2
       1
       5
       1
       1
       1
       2
       0
       0
       1
       0
       0
       1
       6
       0
       4
       1
       0
       1
       2
       3
       2
       1
       2
       0
       0
       2
       2
       1
       4
       7
       4
       6
       3
       5
       6
       3
       1
       1
       0
       1
       2
       2
       3
       3
       1
       1
       6
       2
       0
       1
       0
       2
       0
       2
       1
       2
       1
       1
       1
       2
       0
       0
       0
       2
       2
       0
       0
       0
       0
       1
       0
       1
       2
       0
       0
       2
       0
       1
       0
       3
       0
       1
       1
       1
       1
       1
       3
       0
       0
       0
       1
       1
       0
       0
       0
       2
       0
       0
       1
       2
       1
       0
       1
       0
       0
       1
       1
       0
       0
       0
       0
       0
       0
       0
       0
       1
       1
       0
       0
       0
       0
       0
       0
       0
       0
       1
       0
       3
       1
       0
       2
       0
       1
       0
       1
       0
       2
       1
       0
       1
       0
       0
       0
       1
       0
       0
       0
       0
       2
       2
       0
       2
       0
       0
       0
       2
       0
       1
       1
       0
       0
       0
       0
       0
       0
       1
       0
       0
       1
       1
       0
       1
       1
       1
       0
       1
       0
       0
       0
       0
       0
       1
       0
       1
       0
       0
       0
       0
       1
       0
       3
       1
       0
       2
       0
       0
       0
       0
       0
       1
       1
       0
       1
       0
       1
       0
       0
       0
       0
       1
       0
       0
       1
       0
       0
       0
       1
       0
       0
       0
       0
       0
       0
       0
       0
       0
       0
       1
       0
       0
       1
       0
       0
       1
       0
       0
       0
       1
       0
       0
       0
       0
       0
       2
       0
       0
       1
       0
       0
       0
       1
       0
       0
       0
       0
       1
       0
       0
       0
       0
       0
       2
       0
       0
       0
       1
       0
       1
       0
       0
       0
       0
       0
       0
       0
       0
       0
       0
       0
       1
       0
       0
       0
       0
       0
       0
       0
       1
       0
       0
       1
       0
       0
       0
       0
       1
       1
       0
       0
       0
       0
       2
       1
       0
       0
       1
       1
       0
       0
       0
       0
       0
       0
       0
       0
       0
       0
       0
       0
       0
       1
       0
       0
       0
       0
       0
       1
       0
       0
       1
       0
       0
       0
       1
       0
       0
       2
       0
       2
       1
       2
       1
       1
       0
       1
       0
       0
       1
       0
       0
       0
       1
       0
       0
       0
       0
       0
       0
       0
       0
       0
       1
       1
       1
       0
       0
       0
       0
       0
       1
       1
       0
       0
       0
       0
       0
       0
       0
       0
       0
       0
       0
       0
       0
       0
       0
       0
       0
       1
       0
       0
       0
       0
       0
       1
       0
       0
       0
       0
       0
       0
       0
       0
       0
       1
       0
       0
       0
       0
       0
       0
       1
       1
       0
       0
       0
       0
       1
       0
       0
       0
       0
       1
       1
       0
       0
       0
       0
       0
       0
       0
       0
       0
       0
       1
       0
       0
       0
       0
       0
       0
       0
       0
       1
       2
       0
       0
       0
       1
       1
       0
       0
       0
       0
       1
       0
       0
       0
       0
       0
       0
       0
       1
       0
       0
       1
       0
       0
       1
       0
       0
       0
       0
       0
$ROI:
0
$PRESETS:
Live Time
120
0
$ENER_FIT:
0.000000 0.000000
$MCA_CAL:
3
0.000000E+000 0.000000E+000 0.000000E+000 
$SHAPE_CAL:
3
0.000000E+000 0.000000E+000 0.000000E+000
