$SPEC_ID:
test1
$SPEC_REM:
DET# 1
DETDESC# DESKTOP-VMO734U digiBASE SN 56271
AP# Maestro Version 7.01
$DATE_MEA:
06/30/2022 17:14:00
$MEAS_TIM:
119 120
$DATA:
0 1023
       0
       0
       0
       0
       0
       0
       0
       2
      24
      31
      49
      95
     285
     754
    1313
    1591
    1423
    1056
     597
     286
     144
      96
      92
      87
      92
      79
      84
      75
      66
      91
      91
      93
     149
     194
     256
     345
     391
     419
     448
     368
     308
     235
     221
     203
     142
      86
      61
      48
      50
      31
      31
      41
      38
      37
      40
      35
      33
      48
      54
      48
      46
      43
      41
      51
      42
      34
      42
      38
      50
      53
      60
      55
      45
      43
      53
      55
      51
      52
      53
      48
      47
      50
      49
      35
      49
      39
      34
      38
      47
      41
      36
      47
      41
      45
      51
      43
      49
      41
      43
      35
      41
      37
      39
      33
      33
      29
      37
      41
      31
      28
      30
      42
      33
      38
      42
      40
      44
      55
      55
      50
      74
      72
      62
      82
      71
      80
      86
      95
      98
      98
      85
     100
     110
      90
      71
      84
      72
      86
      59
      57
      49
      70
      78
      66
     119
     126
     118
     126
     151
     147
     183
     202
     205
     186
     184
     186
     179
     173
     145
     130
     110
      92
      95
      80
      81
      68
      51
      50
      37
      36
      22
      33
      28
      20
      25
      20
      19
      16
      14
      13
      16
      13
      10
      10
       9
       7
      12
      12
      13
       9
       8
       7
       6
      11
      12
       9
      15
      11
      13
       7
      10
       8
       5
       8
       4
       9
       5
      11
       6
      10
      11
      11
      10
      13
      14
       8
       4
       5
       7
      12
       8
       8
       5
       8
      11
      11
       5
      17
       9
       8
      11
       6
      11
       8
       7
       6
      10
       8
       9
      13
       8
       7
      10
       7
       7
      10
       4
       6
       7
       5
       8
      13
       7
       7
      11
       5
       5
      11
       5
       9
       5
       7
      11
       6
       3
       7
       5
       7
       9
       4
       6
       5
       7
       6
       7
       8
       5
       1
       7
       3
       1
       2
       4
       6
       5
       5
       9
       4
       3
       7
       3
       4
       6
       6
       7
       2
       5
       4
       6
       2
       4
       3
      10
       4
       8
       7
       2
       5
       7
       5
       2
       5
       3
       5
       4
       4
       6
       6
       4
       2
       6
       1
       4
       5
       2
       2
       4
       5
       2
       5
      11
       5
       4
       4
       2
       4
       6
       2
       3
       3
       1
       1
       1
       4
       6
       1
       6
       2
       0
       2
       3
       1
       4
       9
       1
       2
       1
       7
       5
       3
       3
       3
       5
       3
       7
       4
       0
       2
       9
       3
       2
       2
       3
       3
       3
       5
       2
       3
       4
       6
       3
       5
       2
       7
       6
       2
       0
       3
       3
       2
       8
       7
       2
       4
       4
      10
       3
       9
       0
       4
       2
       3
       6
       1
       2
       3
       2
       4
       3
       1
       2
       5
       9
       0
       1
       4
       4
       0
       2
       1
       3
       3
       3
       2
       2
       5
       4
       4
       0
       2
       1
       5
       4
       0
       3
       4
       6
       5
       1
       3
       0
       1
       1
       5
       4
       2
       4
       4
       2
       4
       2
       2
       2
       3
       3
       5
       3
       4
       4
       0
       3
       1
       3
       5
       2
       0
       2
       4
       3
       1
       3
       1
       0
       4
       1
       0
       0
       3
       1
       0
       2
       1
       1
       1
       2
       5
       2
       2
       3
       3
       2
       1
       2
       1
       2
       0
       1
       2
       0
       2
       1
       3
       0
       1
       0
       1
       1
       0
       0
       2
       1
       0
       1
       1
       0
       1
       0
       2
       4
       2
       1
       0
       0
       0
       1
       3
       1
       1
       1
       0
       1
       1
       2
       1
       1
       2
       1
       0
       0
       1
       1
       0
       1
       2
       2
       0
       0
       1
       0
       1
       1
       1
       1
       2
       1
       0
       2
       1
       0
       2
       5
       0
       7
       0
       1
       3
       0
       2
       4
       5
       4
       2
       2
       1
       1
       1
       4
       6
       2
       2
       4
       2
       4
       2
       2
       1
       4
       3
       2
       3
       2
       1
       1
       2
       0
       2
       1
       1
       4
       1
       3
       1
       2
       1
       2
       0
       3
       2
       2
       2
       0
       0
       2
       0
       1
       2
       1
       0
       1
       0
       1
       1
       1
       1
       1
       1
       0
       1
       1
       1
       1
       2
       0
       1
       0
       0
       0
       1
       0
       2
       0
       1
       1
       2
       0
       0
       0
       0
       1
       1
       1
       1
       0
       0
       0
       1
       0
       0
       0
       1
       0
       2
       0
       1
       0
       1
       0
       2
       1
       1
       0
       1
       1
       1
       1
       0
       0
       1
       0
       2
       2
       2
       1
       0
       1
       0
       0
       0
       0
       0
       2
       0
       1
       1
       1
       0
       0
       2
       0
       0
       0
       0
       0
       0
       0
       0
       0
       0
       1
       1
       0
       1
       1
       0
       1
       0
       0
       0
       1
       2
       0
       0
       0
       0
       1
       0
       0
       1
       0
       0
       0
       0
       1
       2
       1
       0
       0
       0
       0
       0
       0
       0
       0
       0
       0
       0
       0
       0
       1
       0
       0
       0
       0
       0
       0
       1
       0
       2
       0
       0
       0
       0
       0
       1
       0
       0
       1
       0
       0
       0
       1
       1
       0
       1
       0
       0
       0
       1
       0
       0
       1
       1
       0
       2
       0
       1
       1
       0
       0
       0
       0
       0
       0
       0
       0
       0
       0
       0
       0
       0
       0
       0
       2
       1
       0
       0
       2
       0
       0
       0
       1
       0
       0
       0
       1
       0
       0
       0
       0
       0
       0
       0
       0
       2
       0
       1
       0
       0
       0
       0
       0
       1
       0
       1
       0
       1
       1
       0
       0
       0
       1
       0
       1
       0
       0
       1
       1
       0
       1
       0
       0
       2
       0
       0
       0
       1
       1
       0
       0
       0
       0
       0
       1
       0
       1
       0
       0
       0
       1
       1
       0
       0
       0
       1
       1
       0
       1
       0
       0
       0
       1
       2
       0
       1
       0
       0
       0
       0
       0
       0
       0
       0
       0
       0
       1
       0
       0
       0
       0
       0
       0
       0
       0
       0
       0
       0
       2
       0
       0
       1
       0
       0
       0
       1
       0
       0
       0
       0
       1
       1
       0
       0
       1
       0
       0
       0
       0
       0
       0
       0
       0
       1
       1
       0
       0
       0
       0
       0
       0
       0
       0
       0
       0
       0
       0
       0
       0
       0
       0
       0
       0
       0
       1
       0
       0
       0
       0
       0
       0
       0
       0
       1
       0
       0
       0
       0
       0
       0
       0
       0
       0
       0
       0
       0
       0
       1
       0
       0
       0
       0
       0
       0
       0
       0
       0
       0
       1
       0
       0
       0
       0
       0
       1
       0
       0
       0
       0
       0
       0
       0
       0
       0
       0
       0
       1
       0
       0
       2
       0
       1
       1
       0
       0
       0
       1
       1
       0
       0
       0
       0
       0
       0
       1
       0
$ROI:
0
$PRESETS:
Live Time
120
0
$ENER_FIT:
0.000000 0.000000
$MCA_CAL:
3
0.000000E+000 0.000000E+000 0.000000E+000 
$SHAPE_CAL:
3
0.000000E+000 0.000000E+000 0.000000E+000
