$SPEC_ID:
test1
$SPEC_REM:
DET# 1
DETDESC# DESKTOP-VMO734U digiBASE SN 56271
AP# Maestro Version 7.01
$DATE_MEA:
06/30/2022 17:55:13
$MEAS_TIM:
119 120
$DATA:
0 1023
       0
       0
       0
       0
       0
       0
       0
       1
      36
      72
      76
     170
     458
    1312
    2212
    2817
    2498
    1727
    1022
     528
     249
     133
     119
     122
     147
     144
     130
     121
     133
     125
     131
     158
     217
     272
     411
     516
     635
     685
     717
     609
     525
     455
     380
     308
     193
     145
      92
      59
      58
      61
      58
      52
      48
      68
      54
      58
      72
      50
      60
      70
      57
      53
      50
      79
      64
      52
      68
      66
      42
      58
      78
      66
      83
      68
      80
      83
      71
      68
      74
      62
      78
      54
      80
      65
      80
      74
      64
      64
      61
      58
      66
      64
      65
      63
      67
      46
      58
      56
      53
      49
      52
      50
      70
      61
      44
      41
      50
      54
      55
      48
      45
      61
      58
      50
      64
      62
      89
      95
      88
     107
      91
      93
     109
     131
     127
     129
     155
     143
     151
     154
     155
     139
     132
     154
     112
     104
     123
     123
     103
      98
     101
     129
     119
     150
     157
     171
     203
     214
     281
     266
     266
     277
     317
     298
     304
     295
     269
     253
     218
     251
     193
     181
     161
     147
     116
     101
      85
      73
      78
      49
      53
      45
      30
      33
      35
      22
      30
      21
      15
      12
      11
      13
       8
       7
      15
      11
       6
       9
      14
      12
       6
      12
      10
       8
       9
       7
       8
       5
       7
       6
      11
      13
       7
      10
       5
       9
      13
       7
       7
       9
       8
       7
      11
       9
      12
       9
       7
       6
      11
       5
       8
       6
      16
       3
       8
       7
      11
       7
       7
       2
       6
       7
       3
       5
       2
       8
       6
       5
       3
       8
       6
       9
       4
       8
       8
      10
       9
       8
      11
      10
      10
       6
       2
       7
       4
       6
       7
       8
      13
       5
       3
      10
       5
       6
       8
       6
       4
       5
      10
       5
       1
       6
       5
       5
       5
       6
       5
       5
       4
       2
       6
       6
       2
       3
       5
       4
       3
       6
       2
       7
       6
       2
       8
       8
       3
       9
       4
      10
       3
       7
       2
       3
       3
       7
       3
       2
       7
      11
       4
       5
       5
       1
       5
       3
       3
       4
       4
       1
       8
       1
       3
       3
       4
       4
       4
       3
       3
       4
       4
       1
       2
       3
       3
       2
       2
       7
       3
       5
       3
       7
       3
       5
       4
       3
       4
       6
       6
       5
       4
       4
       7
       5
       2
       3
       2
       2
       3
       3
       3
       6
       3
       3
       3
       4
       5
       2
       2
       1
       0
       4
       3
       3
       6
       2
       4
       3
       4
       2
       2
       3
       4
       2
       1
       2
       3
       2
       4
       9
       2
       2
       2
       7
       5
       5
       3
       0
       3
       2
       3
       2
       2
       1
       1
       0
       3
       2
       6
       3
       1
       3
       2
       2
       2
       2
       3
       4
       5
       2
       2
       5
       0
       2
       2
       1
       6
       2
       2
       0
       2
       2
       3
       3
       1
       0
       1
       0
       2
       1
       1
       2
       4
       2
       1
       3
       1
       1
       4
       1
       5
       3
       3
       2
       4
       0
       3
       1
       3
       4
       4
       1
       2
       2
       3
       0
       0
       5
       2
       2
       2
       0
       3
       0
       3
       4
       5
       3
       4
       2
       1
       0
       1
       1
       1
       1
       0
       2
       2
       0
       2
       2
       3
       3
       2
       1
       4
       3
       5
       4
       1
       1
       1
       1
       2
       3
       1
       0
       2
       2
       2
       2
       2
       1
       0
       1
       1
       0
       0
       0
       1
       1
       1
       3
       3
       0
       2
       1
       0
       2
       4
       1
       3
       0
       1
       1
       0
       2
       1
       3
       2
       0
       1
       0
       1
       4
       1
       4
       2
       1
       1
       2
       2
       0
       2
       0
       2
       1
       0
       1
       2
       3
       4
       1
       1
       2
       1
       1
       4
       1
       1
       1
       2
       4
       3
       2
       0
       2
       3
       1
       1
       2
       1
       1
       5
       2
       1
       1
       1
       1
       5
       5
       2
       3
       4
       2
       4
       0
       3
       1
       2
       4
       1
       6
       2
       2
       1
       0
       3
       1
       3
       3
       2
       1
       3
       1
       3
       0
       1
       0
       2
       2
       1
       1
       1
       0
       3
       0
       1
       1
       1
       0
       2
       1
       1
       1
       2
       1
       2
       1
       1
       1
       0
       1
       1
       0
       0
       0
       1
       0
       0
       0
       1
       0
       0
       1
       0
       1
       0
       0
       0
       1
       0
       2
       1
       1
       1
       0
       1
       0
       0
       0
       1
       1
       2
       0
       0
       1
       0
       0
       0
       1
       1
       0
       1
       0
       1
       1
       0
       0
       2
       0
       0
       2
       1
       0
       1
       0
       1
       1
       0
       0
       0
       0
       0
       0
       1
       0
       1
       0
       0
       0
       1
       0
       1
       0
       1
       2
       2
       1
       0
       2
       0
       2
       2
       0
       0
       1
       0
       1
       1
       0
       0
       1
       1
       1
       0
       1
       1
       0
       0
       1
       1
       0
       1
       0
       0
       0
       0
       0
       0
       1
       0
       1
       1
       0
       1
       0
       0
       0
       0
       0
       1
       0
       0
       0
       0
       0
       0
       0
       0
       0
       0
       1
       0
       0
       0
       0
       1
       0
       0
       2
       0
       0
       1
       0
       1
       0
       0
       0
       1
       0
       0
       0
       0
       0
       0
       0
       0
       0
       0
       0
       0
       0
       1
       1
       1
       0
       2
       0
       0
       2
       1
       0
       0
       1
       0
       1
       0
       0
       1
       2
       2
       0
       1
       0
       0
       1
       1
       0
       0
       0
       1
       0
       1
       1
       0
       1
       0
       0
       1
       1
       0
       0
       0
       0
       0
       0
       2
       0
       0
       3
       1
       0
       0
       0
       1
       0
       1
       0
       0
       0
       1
       0
       0
       0
       1
       0
       0
       0
       0
       0
       1
       0
       2
       0
       0
       0
       2
       0
       1
       1
       0
       0
       1
       1
       1
       1
       0
       1
       1
       0
       2
       0
       0
       0
       0
       0
       0
       1
       0
       0
       0
       0
       1
       1
       0
       1
       1
       0
       0
       0
       0
       0
       0
       0
       0
       1
       0
       0
       1
       0
       0
       0
       0
       0
       1
       0
       0
       0
       0
       0
       1
       0
       0
       0
       0
       0
       0
       0
       0
       0
       0
       0
       0
       0
       0
       0
       0
       0
       0
       0
       0
       0
       0
       0
       1
       0
       0
       0
       0
       0
       0
       0
       0
       0
       0
       0
       0
       0
       0
       1
       0
       0
       0
       0
       0
       0
       0
       0
       0
       0
       0
       0
       0
       0
       0
       0
       0
       0
       1
       0
       0
       0
       0
       1
       0
       0
       0
       0
       0
       0
       0
       0
       0
       1
       1
       0
       1
       1
       0
       1
       0
       0
       0
       1
       1
       0
       0
       0
       0
       0
       0
       0
       0
       0
$ROI:
0
$PRESETS:
Live Time
120
0
$ENER_FIT:
0.000000 0.000000
$MCA_CAL:
3
0.000000E+000 0.000000E+000 0.000000E+000 
$SHAPE_CAL:
3
0.000000E+000 0.000000E+000 0.000000E+000
