$SPEC_ID:
test1
$SPEC_REM:
DET# 1
DETDESC# DESKTOP-VMO734U digiBASE SN 56271
AP# Maestro Version 7.01
$DATE_MEA:
06/30/2022 17:48:34
$MEAS_TIM:
119 120
$DATA:
0 1023
       0
       0
       0
       0
       0
       0
       0
       3
      35
      70
      83
     136
     428
    1173
    2041
    2388
    2130
    1531
     856
     438
     231
     125
     110
      96
     117
     127
     128
     138
     120
     109
     116
     150
     174
     237
     331
     483
     563
     645
     613
     602
     483
     420
     334
     260
     182
     149
      94
      53
      43
      52
      54
      58
      39
      48
      51
      53
      51
      55
      62
      57
      50
      59
      56
      43
      61
      56
      59
      69
      67
      44
      71
      61
      67
      72
      62
      64
      60
      55
      61
      72
      56
      50
      64
      53
      65
      71
      55
      59
      70
      53
      61
      56
      47
      65
      53
      57
      52
      46
      49
      67
      50
      49
      39
      37
      41
      48
      39
      38
      58
      45
      45
      49
      52
      67
      74
      60
      65
      80
      87
      71
     102
     100
     105
     106
     117
     121
     144
     122
     140
     151
     142
     135
     123
     125
     115
     106
      93
     109
      85
      96
      96
     104
     112
     101
     137
     162
     176
     201
     212
     253
     275
     296
     251
     270
     254
     246
     251
     225
     215
     176
     187
     151
     164
     116
     109
      84
      77
      66
      60
      47
      41
      39
      43
      34
      30
      19
      20
      17
      12
      12
       4
      14
      17
      10
      18
      12
      19
       8
      10
       5
       7
      12
      16
      11
       7
      13
      10
      12
      12
       3
       5
      12
       7
      13
       8
      12
      11
       3
       9
      13
      10
      10
       7
      14
      14
       8
       7
      11
       9
       8
      14
      14
      10
      11
       6
      11
       2
       8
      11
       8
       6
      10
       5
       4
       4
       5
      11
       8
      15
       5
       5
       8
       8
       8
      11
       8
       7
       5
       6
       4
       6
      11
       5
      13
       8
       3
       8
       4
      12
       7
       8
       4
       8
       5
       5
       6
       3
       6
       2
       7
       2
       5
       3
       7
       5
       3
       4
       5
       6
       7
       2
       4
       5
       4
       5
       7
       4
       4
       3
       8
       6
       3
       6
       4
       4
       2
       5
       5
       2
       3
       3
       7
       6
       8
       8
       5
       5
       8
       4
       3
       8
       4
       5
       5
       4
       0
       5
       4
       4
       3
       5
       3
       5
       6
       5
       3
       4
       2
      11
       2
       3
       1
       3
       4
       2
       2
       4
       5
       5
       6
       2
       5
       4
       6
       2
       5
       4
       1
       3
       5
       5
       1
       5
       7
       3
       2
       2
       4
       5
       3
       5
       4
       2
       3
       4
       5
       3
       2
       2
       3
       3
       6
       3
       3
       4
       3
       4
       0
       4
       7
       9
       4
       2
       2
       3
       1
       2
       4
       1
       2
       2
       4
       5
       1
       2
       3
       1
       7
       2
       2
       5
       2
       3
       2
       2
       1
       3
       2
       3
       3
       2
       1
       2
       1
       3
       1
       2
       4
       5
       2
       3
       3
       2
       1
       2
       1
       0
       2
       3
       4
       1
       2
       4
       2
       3
       1
       3
       3
       0
       6
       3
       2
       1
       0
       1
       3
       5
       4
       1
       2
       1
       9
       1
       5
       2
       2
       3
       2
       3
       3
       6
       3
       3
       3
       4
       4
       1
       1
       4
       3
       2
       6
       4
       4
       1
       0
       3
       1
       1
       1
       5
       4
       1
       1
       2
       1
       0
       3
       2
       3
       1
       3
       3
       4
       0
       2
       1
       0
       1
       3
       3
       3
       2
       2
       1
       1
       1
       1
       2
       1
       2
       2
       1
       1
       1
       3
       2
       1
       1
       1
       2
       2
       1
       0
       2
       5
       1
       1
       0
       0
       1
       1
       1
       1
       3
       0
       0
       0
       1
       1
       0
       1
       0
       1
       3
       1
       1
       1
       0
       3
       1
       1
       0
       0
       2
       1
       1
       2
       2
       2
       3
       2
       1
       0
       1
       1
       2
       3
       4
       2
       3
       3
       0
       0
       3
       3
       0
       4
       2
       0
       3
       4
       5
       2
       2
       2
       4
       4
       1
       3
       2
       6
       3
       1
       4
       1
       2
       2
       0
       5
       4
       2
       2
       1
       1
       3
       1
       3
       0
       0
       0
       2
       0
       1
       2
       0
       2
       0
       0
       2
       1
       0
       0
       0
       1
       0
       0
       1
       1
       0
       0
       0
       0
       0
       1
       0
       0
       1
       0
       1
       1
       0
       1
       0
       2
       0
       0
       1
       0
       1
       1
       1
       1
       0
       0
       0
       0
       0
       2
       1
       0
       1
       0
       1
       1
       1
       1
       0
       0
       0
       0
       0
       1
       0
       0
       2
       0
       1
       0
       0
       0
       1
       0
       0
       1
       0
       0
       0
       0
       1
       1
       0
       2
       0
       0
       1
       0
       1
       0
       1
       1
       1
       0
       0
       0
       0
       0
       0
       0
       0
       0
       0
       0
       1
       0
       0
       0
       0
       0
       0
       0
       1
       0
       1
       0
       1
       0
       0
       0
       2
       0
       0
       0
       0
       1
       1
       0
       0
       0
       1
       0
       0
       0
       0
       0
       0
       1
       0
       1
       1
       0
       0
       1
       1
       0
       0
       1
       0
       1
       0
       0
       0
       0
       1
       0
       0
       0
       0
       1
       1
       1
       0
       0
       1
       0
       0
       0
       0
       0
       0
       1
       1
       0
       0
       0
       1
       1
       0
       0
       1
       0
       1
       0
       2
       0
       0
       0
       1
       0
       1
       0
       1
       1
       0
       0
       0
       0
       0
       0
       0
       0
       1
       0
       0
       0
       0
       0
       0
       0
       1
       0
       0
       1
       0
       0
       0
       1
       0
       0
       1
       0
       0
       0
       0
       1
       0
       2
       0
       0
       1
       0
       1
       0
       0
       0
       1
       0
       0
       0
       0
       0
       0
       1
       0
       0
       0
       0
       0
       0
       0
       0
       1
       0
       0
       0
       0
       0
       1
       0
       0
       2
       0
       2
       0
       1
       0
       0
       0
       0
       0
       1
       0
       0
       0
       1
       2
       1
       0
       1
       0
       2
       0
       0
       0
       1
       0
       0
       2
       0
       0
       1
       0
       0
       0
       0
       0
       0
       0
       0
       0
       0
       0
       0
       0
       0
       0
       0
       2
       0
       1
       1
       0
       0
       0
       0
       0
       1
       1
       0
       0
       0
       1
       0
       0
       0
       0
       0
       0
       0
       0
       0
       0
       0
       0
       0
       0
       0
       0
       0
       0
       0
       1
       0
       1
       0
       0
       0
       0
       0
       0
       0
       0
       0
       0
       0
       0
       0
       0
       0
       0
       0
       2
       0
       0
       0
       0
       0
       0
       0
       0
       1
       0
       0
       0
       0
       0
       0
       0
       0
       0
       0
       0
       0
       0
       1
       0
       0
       0
       0
       0
       0
       0
       0
       1
       0
       0
       0
       0
       0
       1
       0
       0
       1
       0
       1
       0
       0
       0
       0
       0
       0
       0
       0
       1
$ROI:
0
$PRESETS:
Live Time
120
0
$ENER_FIT:
0.000000 0.000000
$MCA_CAL:
3
0.000000E+000 0.000000E+000 0.000000E+000 
$SHAPE_CAL:
3
0.000000E+000 0.000000E+000 0.000000E+000
