$SPEC_ID:
test1
$SPEC_REM:
DET# 1
DETDESC# DESKTOP-VMO734U digiBASE SN 56271
AP# Maestro Version 7.01
$DATE_MEA:
06/30/2022 17:17:22
$MEAS_TIM:
119 120
$DATA:
0 1023
       0
       0
       0
       0
       0
       0
       0
       1
      31
      38
      67
     133
     323
     824
    1482
    1742
    1518
    1173
     695
     330
     162
      97
      58
      88
      96
      93
      87
     100
      85
      84
      90
     105
     139
     181
     281
     336
     415
     452
     452
     426
     374
     330
     262
     197
     152
      91
      71
      60
      49
      45
      36
      37
      44
      34
      46
      48
      39
      32
      40
      42
      49
      52
      45
      50
      51
      56
      59
      47
      40
      33
      53
      57
      51
      46
      46
      63
      39
      44
      51
      52
      57
      46
      47
      66
      57
      55
      35
      54
      54
      32
      57
      40
      51
      55
      52
      42
      39
      55
      47
      39
      35
      32
      47
      38
      36
      34
      35
      50
      34
      34
      47
      47
      40
      50
      46
      61
      49
      62
      58
      64
      61
      82
      87
      75
      77
      80
      85
      98
      97
      82
      94
     106
      88
     115
      85
      98
      62
      61
      75
      66
      78
      83
      63
     106
     104
     110
     132
     141
     200
     161
     187
     208
     195
     204
     200
     206
     188
     145
     173
     137
     141
     125
     110
      81
      60
      73
      59
      57
      51
      53
      32
      27
      26
      24
      19
      15
      16
      22
      12
      10
       8
       9
      15
       8
      13
      13
       6
      11
      14
       5
      10
       9
       8
      14
      10
      10
       9
      12
       7
      12
      10
       6
      14
      10
       7
       9
       8
      14
       9
       8
       6
      15
      10
       4
      14
       8
       9
      11
       9
      12
      11
      15
      10
       9
      14
       6
      13
      11
       4
       7
       3
       5
       7
      10
      10
       6
       7
       5
       4
      17
       4
       6
      11
       8
      10
      11
       9
       6
       5
       6
       7
       6
       4
      13
       8
      10
      11
       8
       6
       5
       6
       8
       8
       7
       3
       7
       5
       7
      10
       3
       6
       5
       7
       6
       9
       2
       2
       4
       4
       4
       3
       4
       2
       6
       6
       5
       3
      11
       4
       3
       8
       5
       6
       3
       5
       5
       4
       5
       1
       2
       8
       3
       5
       5
       7
       6
       5
       7
      10
       1
       3
       3
       4
       2
       7
       4
       4
       4
       2
       8
       5
       2
       2
       8
       0
       2
       3
       4
       6
       4
       3
       7
      12
       5
       5
       4
       1
       3
       3
       5
       6
       5
       2
       1
       2
       4
       3
       6
       5
       0
       4
       7
       3
       6
       3
       4
       4
       6
       4
       4
       3
       6
       8
       4
       6
       2
       4
       7
       6
       1
       1
       3
       3
       4
       9
       2
       5
       3
       4
       1
       4
       4
       5
       2
       4
       5
       2
       3
       2
       8
       2
       2
       3
       3
       5
       3
       4
       5
       3
       2
       3
       3
       2
       1
       3
       3
       3
       1
       3
       3
       4
       1
       0
       1
       2
       1
       2
       0
       2
       4
       4
       4
       4
       3
       2
       3
       3
       3
       3
       2
       3
       0
       5
       3
       1
       2
       3
       5
       0
       2
       5
       2
       2
       6
       5
       3
       4
       4
       4
       4
       3
       3
       1
       5
       0
       4
       3
       1
       4
       4
       1
       3
       4
       3
       8
       2
       1
       0
       1
       1
       3
       3
       2
       1
       2
       3
       3
       3
       5
       3
       3
       2
       1
       5
       5
       3
       3
       0
       2
       1
       1
       1
       4
       2
       1
       2
       2
       0
       3
       3
       4
       1
       1
       0
       1
       2
       1
       1
       2
       3
       1
       0
       1
       1
       0
       2
       1
       0
       2
       4
       0
       1
       2
       3
       1
       0
       2
       2
       2
       4
       1
       2
       1
       2
       2
       0
       2
       1
       2
       1
       2
       1
       0
       1
       1
       1
       3
       1
       1
       1
       0
       0
       3
       2
       1
       2
       1
       0
       1
       2
       3
       0
       1
       2
       1
       0
       2
       1
       1
       3
       3
       1
       2
       4
       3
       4
       2
       3
       4
       3
       2
       1
       5
       1
       5
       4
       1
       3
       4
       3
       2
       3
       5
       1
       2
       4
       3
       2
       0
       3
       6
       2
       5
       1
       2
       2
       2
       3
       0
       1
       0
       1
       0
       1
       0
       0
       0
       1
       1
       0
       0
       0
       0
       0
       0
       0
       1
       0
       3
       3
       2
       0
       0
       3
       1
       2
       1
       0
       0
       0
       0
       1
       0
       0
       0
       0
       0
       0
       0
       1
       0
       1
       0
       0
       1
       1
       1
       0
       1
       1
       2
       0
       1
       0
       1
       0
       1
       0
       1
       0
       0
       0
       0
       1
       0
       0
       0
       2
       0
       0
       0
       1
       0
       0
       1
       0
       1
       1
       0
       0
       0
       0
       0
       0
       1
       0
       0
       1
       0
       1
       0
       1
       0
       1
       1
       0
       0
       0
       0
       2
       0
       1
       1
       1
       1
       0
       0
       1
       0
       1
       0
       1
       1
       0
       0
       0
       2
       0
       1
       0
       0
       0
       0
       1
       2
       0
       0
       0
       0
       0
       0
       1
       0
       0
       0
       0
       0
       0
       1
       1
       0
       0
       0
       0
       1
       1
       0
       1
       0
       1
       0
       0
       1
       0
       0
       0
       1
       1
       3
       0
       0
       0
       0
       0
       2
       0
       1
       0
       0
       0
       0
       0
       0
       0
       0
       1
       0
       1
       0
       1
       0
       0
       2
       1
       0
       0
       0
       0
       0
       0
       0
       0
       0
       0
       0
       0
       0
       2
       0
       2
       0
       0
       0
       1
       0
       0
       0
       0
       1
       0
       0
       0
       0
       1
       0
       1
       1
       0
       1
       1
       0
       0
       0
       0
       1
       0
       0
       1
       0
       0
       2
       0
       0
       0
       1
       0
       0
       2
       1
       0
       1
       0
       1
       0
       0
       0
       1
       0
       1
       1
       0
       1
       2
       0
       0
       0
       0
       0
       0
       0
       0
       0
       1
       1
       0
       0
       0
       1
       0
       0
       0
       0
       0
       0
       0
       0
       0
       0
       1
       0
       0
       1
       1
       0
       0
       0
       0
       0
       0
       0
       1
       0
       0
       0
       1
       0
       0
       0
       2
       0
       0
       0
       0
       0
       0
       0
       0
       0
       0
       2
       0
       0
       1
       0
       1
       0
       0
       0
       1
       0
       0
       1
       0
       0
       0
       1
       0
       0
       0
       0
       0
       0
       0
       1
       0
       0
       0
       0
       0
       0
       0
       0
       0
       0
       0
       0
       0
       0
       0
       0
       0
       1
       0
       0
       0
       0
       0
       0
       0
       0
       1
       0
       0
       0
       0
       0
       1
       0
       0
       0
       0
       0
       0
       0
       0
       0
       0
       0
       0
       0
       0
       1
       0
       0
       0
       0
       0
       0
       0
       0
       0
       0
       0
       1
       1
       0
       0
       0
       0
       1
       1
       0
       0
       0
       0
       2
       1
       0
       1
       3
       0
       1
       0
       0
$ROI:
0
$PRESETS:
Live Time
120
0
$ENER_FIT:
0.000000 0.000000
$MCA_CAL:
3
0.000000E+000 0.000000E+000 0.000000E+000 
$SHAPE_CAL:
3
0.000000E+000 0.000000E+000 0.000000E+000
