$SPEC_ID:
test1
$SPEC_REM:
DET# 1
DETDESC# DESKTOP-VMO734U digiBASE SN 56271
AP# Maestro Version 7.01
$DATE_MEA:
06/30/2022 18:02:51
$MEAS_TIM:
112 120
$DATA:
0 1023
       0
       0
       0
       0
       0
       0
       0
     113
    2338
    3666
    3708
    3759
    3867
    3910
    4016
    3925
    4031
    4059
    4122
    4313
    4454
    4620
    4418
    4436
    4273
    4365
    4297
    4356
    4347
    4624
    4808
    5116
    5793
    6318
    6895
    7219
    7020
    6684
    6090
    5986
    5552
    5404
    5053
    4710
    4586
    4417
    4439
    4333
    4288
    4327
    4490
    4320
    4362
    4485
    4357
    4423
    4502
    4413
    4498
    4585
    4601
    4537
    4674
    4640
    4594
    4552
    4673
    4688
    4811
    4703
    4901
    4895
    4977
    4906
    4973
    5064
    5046
    5154
    5336
    5339
    5631
    5578
    5647
    5793
    5939
    5926
    5915
    5836
    5836
    5919
    5876
    5800
    5721
    5673
    5704
    5603
    5669
    5576
    5528
    5629
    5443
    5380
    5514
    5474
    5444
    5538
    5461
    5404
    5269
    5287
    5335
    5169
    5240
    5250
    5185
    5165
    5145
    5087
    5066
    5035
    5053
    5171
    5099
    5008
    4994
    5063
    5064
    5119
    5027
    5021
    4944
    4906
    5038
    4946
    4970
    4999
    5051
    5013
    5056
    5151
    4989
    4972
    4911
    5134
    5126
    4940
    5151
    4916
    5025
    5012
    5099
    5095
    5191
    5074
    5065
    5060
    5181
    5033
    5104
    5072
    5164
    5201
    5124
    5138
    5139
    5103
    5133
    5273
    5216
    5367
    5260
    5253
    5388
    5326
    5414
    5276
    5361
    5448
    5286
    5429
    5265
    5290
    5269
    5322
    5257
    5077
    5101
    5234
    5083
    4828
    4898
    4730
    4610
    4529
    4469
    4250
    4137
    4034
    3810
    3751
    3541
    3553
    3384
    3312
    3159
    3034
    3035
    2985
    2830
    2714
    2665
    2584
    2568
    2533
    2518
    2381
    2320
    2336
    2211
    2182
    2232
    2160
    2162
    2135
    2195
    2016
    2085
    1989
    2112
    2085
    2010
    1958
    2005
    2035
    2053
    2101
    2130
    1961
    2079
    2041
    2106
    2214
    2207
    2333
    2309
    2276
    2412
    2493
    2606
    2804
    2788
    2948
    3148
    3282
    3685
    3866
    4399
    4753
    5155
    5761
    6482
    7315
    8069
    9006
   10153
   11441
   12759
   14319
   15600
   16846
   18466
   19585
   20737
   22209
   23236
   24247
   24933
   25076
   24980
   25295
   24447
   23877
   23317
   21775
   20394
   19113
   17625
   15656
   13980
   12655
   11043
    9516
    8450
    7192
    6041
    5034
    4214
    3511
    3033
    2508
    2109
    1681
    1402
    1190
     988
     801
     674
     568
     467
     436
     342
     338
     278
     216
     189
     158
     185
     179
     160
     166
     140
     126
     125
     107
     113
      94
     106
      94
     106
      94
      94
      92
      99
     101
      85
     102
      68
      96
      91
      87
      78
      75
      87
      81
      93
      95
      75
     103
      75
      77
      67
      84
      68
      89
      84
      74
      79
      71
      72
      88
      66
      80
      74
      73
      75
      72
      67
      59
      92
      73
      76
      77
      69
      66
      66
      57
      76
      59
      50
      65
      62
      62
      62
      74
      61
      72
      59
      67
      62
      71
      69
      62
      81
      65
      52
      60
      62
      49
      60
      55
      63
      46
      56
      58
      49
      57
      53
      57
      48
      44
      45
      46
      48
      56
      44
      52
      47
      55
      40
      50
      58
      39
      38
      48
      50
      47
      36
      46
      43
      33
      31
      48
      36
      50
      36
      47
      51
      41
      55
      48
      54
      45
      37
      37
      40
      49
      51
      55
      42
      39
      35
      36
      40
      30
      47
      25
      34
      29
      35
      30
      35
      47
      36
      37
      31
      29
      38
      34
      22
      36
      35
      34
      32
      32
      20
      29
      27
      25
      22
      40
      26
      26
      26
      26
      31
      28
      22
      27
      18
      23
      30
      20
      27
      17
      25
      16
      24
      20
      22
      22
      34
      16
      29
      29
      24
      22
      18
      23
      31
      32
      21
      26
      30
      24
      35
      19
      23
      22
      17
      23
      29
      20
      23
      32
      32
      34
      20
      31
      22
      34
      35
      30
      30
      16
      28
      30
      23
      27
      27
      26
      30
      24
      32
      26
      18
      22
      19
      21
      27
      24
      23
      24
      23
      21
       9
      19
      21
      12
      15
      16
      10
      10
       9
      10
       6
       8
       6
      11
      10
       5
      12
       9
       5
       8
       5
      10
       7
       4
       5
       4
       4
       1
       7
       3
       2
       6
       5
       5
       7
       2
       5
       2
       6
       5
       2
       3
       7
       3
       1
       3
       3
       1
       3
       0
       0
       2
       2
       1
       3
       0
       1
       1
       0
       2
       3
       0
       1
       1
       5
       1
       1
       2
       1
       1
       1
       1
       0
       2
       0
       1
       0
       2
       1
       2
       1
       1
       0
       0
       1
       0
       0
       0
       1
       1
       0
       2
       1
       1
       1
       1
       0
       1
       1
       2
       2
       0
       2
       0
       0
       0
       0
       0
       0
       2
       1
       0
       0
       2
       0
       0
       1
       1
       0
       1
       0
       0
       2
       2
       0
       1
       0
       0
       1
       0
       0
       2
       0
       0
       0
       0
       0
       1
       0
       1
       0
       1
       1
       1
       0
       0
       1
       0
       1
       0
       0
       0
       1
       0
       0
       0
       0
       0
       1
       0
       0
       1
       1
       1
       0
       0
       1
       0
       1
       2
       0
       0
       1
       0
       0
       1
       1
       1
       1
       1
       0
       1
       2
       1
       1
       0
       0
       0
       0
       0
       1
       1
       1
       0
       1
       0
       0
       0
       0
       0
       0
       0
       0
       0
       0
       0
       1
       0
       0
       0
       0
       1
       0
       0
       1
       0
       0
       0
       2
       0
       0
       3
       0
       0
       0
       0
       0
       0
       0
       0
       1
       0
       0
       0
       0
       0
       0
       0
       0
       0
       1
       0
       1
       0
       1
       0
       0
       2
       0
       1
       0
       2
       0
       0
       1
       0
       0
       0
       0
       1
       1
       0
       0
       0
       0
       0
       0
       0
       0
       0
       0
       0
       0
       1
       2
       0
       1
       0
       0
       0
       0
       0
       0
       0
       1
       0
       0
       2
       1
       0
       1
       0
       0
       0
       0
       0
       3
       1
       0
       0
       0
       0
       0
       0
       2
       0
       0
       0
       3
       1
       0
       0
       0
       0
       0
       0
       0
       2
       0
       0
       1
       0
       1
       1
       0
       0
       1
       0
       1
       0
       0
       0
       0
       0
       2
       0
       0
       0
       1
       0
       0
       0
       0
       1
       0
       0
       0
       1
       0
       0
       1
       0
       0
       0
       0
       0
       0
       0
       0
       1
       1
       0
       0
       1
       0
       0
       0
       0
       1
       0
       1
       0
       0
       0
       0
       1
       0
       0
       1
       0
       0
       1
       0
       0
       0
       0
       0
       0
       0
       1
       0
       0
       0
       1
       0
       0
       0
       0
       0
       0
       0
       0
       0
       0
       0
       0
       0
       0
       0
       1
       0
       0
       0
       0
       0
       0
       2
       0
       0
       0
       0
       0
       0
       0
       0
       0
       0
       0
       1
       0
       0
       0
       0
       0
       0
       0
       0
       0
       1
       0
       0
       0
       0
       0
       1
       0
       0
       0
       0
       0
       0
       0
       0
       0
       0
       0
       0
       0
       1
       2
       0
       0
       0
       1
       0
       2
       0
       0
       0
       0
$ROI:
0
$PRESETS:
Live Time
120
0
$ENER_FIT:
0.000000 0.000000
$MCA_CAL:
3
0.000000E+000 0.000000E+000 0.000000E+000 
$SHAPE_CAL:
3
0.000000E+000 0.000000E+000 0.000000E+000
