$SPEC_ID:
test1
$SPEC_REM:
DET# 1
DETDESC# DESKTOP-VMO734U digiBASE SN 56271
AP# Maestro Version 7.01
$DATE_MEA:
06/30/2022 18:06:57
$MEAS_TIM:
112 120
$DATA:
0 1023
       0
       0
       0
       0
       0
       0
       0
     105
    2250
    3474
    3581
    3639
    3740
    3715
    3723
    3825
    3872
    3923
    4035
    4250
    4314
    4349
    4185
    4193
    4250
    4113
    4188
    4251
    4328
    4329
    4514
    4959
    5346
    5997
    6440
    6874
    6918
    6599
    6087
    5747
    5423
    5271
    5018
    4606
    4506
    4268
    4138
    4030
    4167
    4157
    4180
    4268
    4181
    4305
    4161
    4236
    4206
    4244
    4147
    4221
    4324
    4274
    4344
    4428
    4426
    4468
    4429
    4592
    4478
    4544
    4539
    4562
    4671
    4625
    4696
    4859
    4939
    4831
    5091
    4964
    5208
    5413
    5445
    5556
    5579
    5639
    5581
    5464
    5583
    5777
    5576
    5594
    5548
    5514
    5575
    5513
    5471
    5362
    5334
    5424
    5353
    5217
    5205
    5145
    5194
    5268
    5225
    5084
    5101
    5088
    5047
    5127
    4938
    4979
    5116
    4830
    4952
    4893
    4935
    4739
    4885
    4814
    4831
    4803
    4849
    4699
    4852
    4809
    4807
    4793
    4673
    4886
    4830
    4768
    4870
    4718
    4839
    4761
    4888
    4813
    4648
    4638
    4853
    4774
    4739
    4854
    4880
    4795
    4843
    4694
    4941
    4732
    4837
    4832
    4849
    4875
    4830
    4892
    4857
    4908
    4888
    4964
    5106
    4904
    5041
    4932
    4941
    5007
    5067
    5169
    5028
    4986
    5102
    5089
    5032
    5077
    5267
    5060
    5096
    5168
    5114
    5114
    5121
    5180
    4945
    4868
    4967
    4928
    4936
    4671
    4682
    4653
    4603
    4454
    4303
    4322
    4044
    3995
    3838
    3721
    3665
    3462
    3444
    3256
    3200
    3082
    2940
    2894
    2698
    2704
    2666
    2581
    2568
    2399
    2415
    2348
    2263
    2271
    2277
    2204
    2008
    2106
    2052
    2069
    2025
    2085
    1966
    2037
    2005
    2036
    1931
    2088
    1914
    1929
    1921
    1942
    1911
    1958
    1889
    1971
    2020
    1981
    2113
    2040
    2146
    2224
    2208
    2278
    2350
    2397
    2541
    2563
    2698
    2843
    3077
    3280
    3570
    4009
    4267
    4867
    5236
    5909
    6471
    7360
    8166
    9060
   10195
   11497
   12477
   13910
   14959
   16705
   18011
   19537
   20537
   21588
   22799
   23914
   24124
   23898
   24251
   23926
   23600
   22962
   22133
   20817
   19398
   17658
   16458
   14650
   13197
   11716
   10251
    8802
    7631
    6594
    5684
    4714
    3979
    3244
    2956
    2391
    1909
    1667
    1269
    1090
     913
     746
     674
     578
     422
     398
     337
     299
     276
     227
     209
     184
     166
     144
     131
     126
     110
     114
     112
      95
     106
      84
      86
      95
     103
      83
      85
     100
      95
      82
      96
      80
      83
      82
      97
     106
      80
      77
      82
      85
      85
      85
      83
      74
      74
      64
      75
      68
      78
      70
      58
      56
      72
      76
      78
      73
      73
      72
      88
      77
      73
      67
      57
      65
      77
      55
      76
      72
      65
      73
      72
      78
      84
      62
      61
      59
      56
      51
      58
      66
      64
      68
      51
      45
      51
      69
      61
      46
      67
      64
      42
      49
      55
      61
      41
      45
      49
      41
      60
      49
      46
      42
      56
      45
      43
      42
      52
      52
      34
      37
      43
      37
      49
      36
      61
      46
      41
      46
      41
      34
      38
      54
      46
      32
      45
      40
      48
      39
      40
      50
      44
      43
      36
      33
      35
      44
      39
      26
      48
      40
      34
      32
      40
      42
      33
      32
      32
      46
      36
      35
      36
      33
      32
      30
      36
      33
      25
      27
      26
      29
      29
      21
      32
      35
      32
      28
      28
      32
      32
      29
      20
      30
      18
      27
      25
      25
      27
      23
      34
      34
      31
      32
      22
      32
      16
      24
      26
      22
      20
      24
      24
      27
      31
      22
      33
      24
      16
      28
      20
      22
      20
      27
      20
      20
      21
      25
      30
      14
      24
      20
      22
      19
      30
      24
      26
      19
      27
      35
      24
      36
      21
      21
      19
      28
      36
      26
      24
      22
      29
      21
      27
      22
      24
      19
      24
      29
      25
      33
      21
      24
      18
      32
      31
      21
      26
      25
      16
      26
      24
      20
      19
      23
      19
      11
      16
      14
      14
      14
      12
      12
       5
       8
       6
      10
       5
       7
       6
       3
       2
       5
       2
       6
       2
       5
       3
       9
       6
       3
       4
       4
       5
       5
       4
       2
       3
       5
       2
       3
       2
       2
       2
       2
       2
       3
       7
       1
       0
       5
       1
       2
       2
       5
       5
       3
       2
       3
       2
       3
       1
       2
       4
       1
       2
       2
       4
       0
       1
       1
       0
       1
       1
       2
       0
       0
       2
       1
       2
       2
       1
       2
       1
       1
       2
       0
       1
       1
       0
       2
       0
       2
       4
       1
       0
       2
       0
       1
       2
       0
       1
       0
       2
       0
       1
       2
       1
       1
       0
       0
       1
       0
       0
       0
       1
       0
       2
       0
       1
       1
       0
       1
       0
       0
       1
       0
       0
       1
       0
       1
       1
       1
       0
       0
       0
       0
       1
       1
       0
       2
       0
       2
       0
       1
       2
       1
       0
       0
       0
       1
       1
       0
       2
       2
       2
       0
       0
       1
       1
       0
       0
       2
       4
       2
       1
       1
       1
       1
       1
       2
       1
       1
       2
       1
       2
       1
       1
       0
       1
       0
       0
       0
       1
       1
       0
       0
       0
       1
       1
       0
       0
       0
       0
       1
       0
       0
       0
       0
       0
       0
       0
       0
       1
       0
       0
       0
       0
       0
       0
       2
       0
       0
       0
       1
       0
       0
       0
       0
       1
       0
       0
       1
       1
       1
       1
       0
       0
       0
       1
       0
       0
       0
       0
       1
       0
       0
       0
       0
       0
       0
       0
       0
       0
       0
       0
       0
       0
       0
       0
       0
       0
       0
       0
       2
       0
       1
       1
       1
       0
       1
       0
       0
       1
       1
       0
       0
       1
       0
       0
       1
       1
       0
       0
       0
       0
       1
       0
       2
       1
       0
       0
       2
       0
       0
       1
       0
       2
       0
       0
       1
       2
       2
       0
       0
       1
       0
       2
       0
       2
       2
       0
       2
       0
       0
       0
       1
       0
       0
       0
       0
       0
       1
       0
       0
       1
       0
       1
       1
       0
       2
       2
       0
       1
       0
       0
       1
       1
       1
       0
       1
       0
       0
       0
       1
       0
       0
       0
       0
       0
       0
       0
       1
       0
       0
       0
       1
       0
       0
       0
       0
       1
       0
       0
       0
       0
       0
       0
       1
       0
       0
       0
       0
       0
       0
       0
       0
       0
       1
       0
       0
       0
       0
       0
       1
       0
       0
       0
       0
       0
       0
       0
       0
       0
       0
       0
       0
       0
       1
       0
       0
       1
       0
       0
       0
       1
       0
       0
       0
       0
       0
       0
       0
       0
       0
       0
       0
       0
       1
       0
       0
       0
       1
       1
       0
       0
       0
       0
       0
       0
       0
       0
       0
       1
       0
       0
       0
       0
       0
       0
       0
       0
       0
       0
       0
       0
       1
       0
       0
       0
       0
       0
       0
       0
       0
       0
       0
       0
       0
       0
       0
       0
       0
       0
       0
       0
       0
       1
       1
       0
       1
       1
       0
       0
       0
       0
       0
       0
       0
       0
       0
$ROI:
0
$PRESETS:
Live Time
120
0
$ENER_FIT:
0.000000 0.000000
$MCA_CAL:
3
0.000000E+000 0.000000E+000 0.000000E+000 
$SHAPE_CAL:
3
0.000000E+000 0.000000E+000 0.000000E+000
