$SPEC_ID:
test1
$SPEC_REM:
DET# 1
DETDESC# DESKTOP-VMO734U digiBASE SN 56271
AP# Maestro Version 7.01
$DATE_MEA:
06/30/2022 18:24:10
$MEAS_TIM:
114 120
$DATA:
0 1023
       0
       0
       0
       0
       0
       0
       0
      74
    1713
    2645
    2748
    2776
    2892
    2931
    2969
    2910
    2985
    2986
    3104
    3096
    3274
    3262
    3373
    3223
    3324
    3259
    3226
    3294
    3220
    3301
    3395
    3650
    3900
    4300
    4711
    5311
    5466
    5573
    5199
    4863
    4653
    4326
    4262
    3926
    3597
    3469
    3305
    3305
    3190
    3206
    3267
    3261
    3333
    3167
    3318
    3348
    3251
    3247
    3323
    3316
    3256
    3382
    3397
    3242
    3380
    3330
    3289
    3335
    3429
    3402
    3544
    3510
    3507
    3594
    3505
    3670
    3534
    3627
    3680
    3779
    3800
    3988
    3839
    4050
    4101
    4202
    4214
    4190
    4328
    4267
    4430
    4307
    4298
    4298
    4152
    4165
    4226
    4185
    4193
    4220
    4107
    4057
    3978
    4142
    4028
    4012
    4040
    3975
    3948
    3960
    4003
    3837
    3894
    3874
    3915
    3825
    3837
    3729
    3741
    3769
    3817
    3815
    3815
    3792
    3637
    3726
    3668
    3723
    3778
    3680
    3674
    3695
    3712
    3571
    3730
    3759
    3700
    3632
    3688
    3575
    3733
    3649
    3626
    3528
    3629
    3728
    3630
    3674
    3683
    3703
    3731
    3693
    3673
    3750
    3617
    3597
    3727
    3736
    3729
    3820
    3679
    3782
    3676
    3771
    3840
    3728
    3836
    3797
    3821
    3756
    3828
    3884
    3871
    3776
    3793
    3825
    3974
    3961
    3844
    3868
    3904
    3924
    3951
    3905
    3991
    3966
    3936
    3793
    3893
    3964
    3954
    3842
    3898
    3785
    3696
    3847
    3687
    3644
    3397
    3340
    3300
    3157
    3155
    3035
    2968
    2765
    2702
    2676
    2600
    2386
    2373
    2327
    2156
    2165
    2046
    2034
    1993
    1892
    1903
    1845
    1744
    1844
    1692
    1622
    1631
    1627
    1609
    1581
    1581
    1577
    1563
    1503
    1533
    1429
    1525
    1471
    1485
    1403
    1437
    1455
    1486
    1349
    1441
    1427
    1499
    1451
    1446
    1507
    1483
    1481
    1518
    1568
    1537
    1726
    1643
    1688
    1846
    1806
    1937
    2026
    2121
    2249
    2474
    2562
    2820
    3195
    3410
    3702
    4187
    4587
    5170
    5835
    6527
    7226
    8094
    8851
    9978
   10995
   11824
   12937
   14066
   14836
   15772
   16717
   17475
   18251
   18483
   18447
   18880
   18360
   18165
   17366
   16722
   15944
   14700
   13987
   12640
   11453
   10307
    9112
    7975
    7059
    6196
    5222
    4496
    3739
    3178
    2647
    2156
    1836
    1496
    1326
    1059
     829
     687
     572
     490
     391
     373
     285
     258
     189
     189
     144
     140
     111
     125
      96
      87
      63
      76
      68
      70
      82
      68
      78
      56
      53
      63
      57
      58
      43
      68
      49
      49
      48
      61
      52
      59
      46
      64
      41
      53
      47
      42
      70
      38
      53
      52
      56
      46
      50
      41
      57
      59
      38
      54
      51
      54
      47
      38
      47
      41
      38
      50
      37
      38
      40
      42
      45
      58
      49
      42
      42
      43
      33
      46
      36
      41
      31
      46
      40
      44
      41
      33
      39
      39
      44
      39
      39
      39
      40
      51
      34
      37
      32
      29
      33
      38
      30
      41
      36
      26
      23
      37
      48
      34
      34
      29
      25
      28
      31
      33
      36
      23
      23
      36
      38
      31
      36
      20
      39
      27
      20
      26
      32
      27
      27
      33
      44
      23
      28
      29
      23
      21
      34
      19
      19
      24
      21
      15
      27
      25
      26
      21
      18
      30
      26
      25
      32
      18
      21
      28
      14
      15
      24
      20
      22
      23
      18
      18
      21
      15
      21
      15
      18
      26
      20
      26
      22
      18
      14
      13
      19
      24
      19
      11
      24
      16
      16
      27
      15
      22
      15
      12
      15
      19
      18
      19
      14
      14
      15
      16
      15
      21
      17
      22
      15
       9
      13
      13
      15
      11
      11
      17
      13
      16
      15
      14
      10
      10
      12
      12
      16
      19
      11
      19
      14
      16
      20
      18
      15
      21
      11
      15
      17
      11
      15
       9
      20
      10
      21
      16
      18
      20
      17
      14
       9
      15
      20
      14
      12
      10
      11
      21
      22
      12
      16
      18
      10
      16
      16
      14
      18
      14
      15
      14
      19
       9
       9
      10
      16
       7
       7
      13
       4
       8
       8
       7
      11
       7
       5
       4
       9
       7
       6
       3
       6
       2
       2
       2
       3
       3
       3
       3
       5
       7
       6
       5
       3
       2
       2
       1
       2
       5
       4
       4
       4
       2
       2
       0
       2
       5
       3
       1
       3
       3
       3
       1
       1
       1
       3
       6
       1
       1
       4
       0
       4
       2
       1
       0
       1
       4
       0
       3
       0
       1
       1
       0
       1
       1
       2
       1
       2
       0
       0
       0
       0
       1
       2
       5
       0
       0
       1
       0
       0
       3
       0
       1
       1
       1
       1
       0
       0
       1
       0
       1
       0
       0
       1
       0
       3
       1
       0
       0
       1
       0
       2
       0
       0
       1
       1
       0
       1
       1
       0
       1
       0
       0
       0
       1
       1
       1
       1
       1
       0
       2
       0
       1
       0
       0
       0
       2
       0
       1
       1
       1
       0
       0
       1
       0
       0
       0
       3
       0
       0
       0
       0
       1
       1
       1
       1
       0
       0
       0
       0
       1
       1
       1
       0
       2
       0
       1
       1
       0
       0
       0
       1
       0
       1
       1
       1
       1
       0
       0
       1
       0
       1
       0
       1
       0
       1
       0
       1
       0
       3
       0
       2
       0
       1
       1
       0
       0
       2
       0
       0
       0
       1
       0
       0
       0
       0
       0
       0
       0
       0
       0
       0
       1
       1
       1
       0
       0
       0
       0
       0
       0
       0
       2
       0
       0
       0
       0
       0
       1
       0
       1
       2
       0
       1
       1
       0
       0
       1
       0
       0
       0
       1
       0
       0
       0
       0
       0
       0
       0
       1
       0
       0
       0
       0
       0
       0
       0
       0
       1
       0
       0
       1
       1
       0
       0
       0
       0
       0
       0
       0
       0
       1
       0
       1
       0
       0
       0
       0
       3
       0
       0
       0
       0
       0
       2
       1
       0
       0
       0
       0
       0
       0
       0
       0
       0
       0
       0
       0
       1
       1
       0
       0
       3
       0
       1
       0
       0
       0
       0
       0
       0
       0
       0
       0
       1
       0
       0
       0
       0
       0
       0
       0
       0
       3
       1
       0
       1
       1
       0
       1
       0
       0
       0
       0
       0
       0
       0
       0
       1
       1
       0
       0
       0
       0
       0
       0
       0
       0
       2
       0
       2
       1
       0
       0
       0
       0
       0
       2
       0
       0
       1
       1
       1
       0
       0
       0
       0
       0
       0
       0
       0
       0
       0
       0
       0
       0
       0
       0
       1
       1
       0
       0
       0
       0
       0
       1
       0
       0
       0
       0
       1
       0
       1
       0
       1
       1
       0
       0
       0
       0
       0
       0
       0
       0
       0
       0
       0
       0
       0
       0
       0
       0
       0
       0
       0
       1
       0
       0
       0
       0
       0
       0
       1
       1
       0
       0
       0
       0
       0
       0
       0
       0
       0
       0
       0
       1
       0
       2
       0
       0
       1
       0
       1
       0
       0
       0
       0
       0
       0
       0
       1
       0
       0
       0
       0
       0
       0
       0
$ROI:
0
$PRESETS:
Live Time
120
0
$ENER_FIT:
0.000000 0.000000
$MCA_CAL:
3
0.000000E+000 0.000000E+000 0.000000E+000 
$SHAPE_CAL:
3
0.000000E+000 0.000000E+000 0.000000E+000
