$SPEC_ID:
test1
$SPEC_REM:
DET# 1
DETDESC# DESKTOP-VMO734U digiBASE SN 56271
AP# Maestro Version 7.01
$DATE_MEA:
06/30/2022 18:18:47
$MEAS_TIM:
113 120
$DATA:
0 1023
       0
       0
       0
       0
       0
       0
       0
      82
    1959
    3019
    2964
    3168
    3166
    3287
    3294
    3293
    3367
    3350
    3421
    3579
    3578
    3647
    3576
    3590
    3503
    3614
    3483
    3664
    3617
    3684
    3854
    3937
    4223
    4598
    5330
    5774
    6031
    5903
    5517
    5177
    4829
    4581
    4403
    4145
    3838
    3834
    3673
    3509
    3637
    3491
    3566
    3597
    3555
    3626
    3607
    3568
    3592
    3708
    3634
    3601
    3646
    3600
    3689
    3740
    3652
    3762
    3740
    3829
    3886
    3692
    3823
    3999
    3984
    3963
    3913
    4113
    3810
    4152
    4078
    4339
    4322
    4321
    4397
    4459
    4699
    4611
    4693
    4747
    4749
    4759
    4841
    4751
    4671
    4816
    4634
    4593
    4671
    4751
    4761
    4692
    4514
    4468
    4557
    4524
    4358
    4492
    4560
    4479
    4416
    4430
    4419
    4357
    4340
    4274
    4372
    4263
    4224
    4230
    4141
    4226
    4170
    4204
    4211
    4293
    4175
    4117
    4129
    4095
    4032
    4136
    4104
    4046
    4097
    4113
    4150
    4114
    4035
    4123
    4082
    4065
    4118
    4106
    4139
    4134
    4126
    4106
    3993
    4163
    4085
    4185
    4050
    4128
    4089
    4134
    4096
    4088
    4158
    4018
    4136
    4138
    4260
    4165
    4303
    4104
    4196
    4298
    4192
    4177
    4235
    4287
    4363
    4308
    4336
    4444
    4259
    4308
    4413
    4299
    4317
    4436
    4398
    4349
    4413
    4415
    4417
    4376
    4415
    4397
    4242
    4328
    4362
    4256
    4180
    4045
    4029
    3962
    3888
    3800
    3655
    3820
    3565
    3533
    3340
    3189
    3144
    2953
    2909
    2839
    2652
    2635
    2443
    2501
    2413
    2437
    2255
    2206
    2218
    2087
    2024
    2073
    1991
    1994
    1944
    1865
    1877
    1828
    1710
    1705
    1728
    1712
    1618
    1656
    1697
    1686
    1606
    1690
    1664
    1631
    1620
    1665
    1577
    1686
    1577
    1758
    1689
    1667
    1717
    1705
    1784
    1827
    1791
    1844
    1886
    1870
    2021
    2142
    2182
    2151
    2395
    2478
    2630
    2812
    3108
    3408
    3699
    4225
    4594
    5089
    5619
    6263
    7171
    7811
    8705
    9766
   11075
   11915
   13160
   14464
   15602
   16703
   17459
   18596
   19460
   20072
   20668
   20715
   21057
   20634
   20301
   19551
   19082
   18233
   17117
   15687
   14532
   13272
   11664
   10475
    9311
    8033
    7054
    6006
    4911
    4420
    3598
    3100
    2685
    2054
    1711
    1484
    1169
    1007
     895
     669
     571
     551
     409
     358
     358
     231
     193
     201
     201
     144
     140
     120
      98
     106
      90
      78
      92
      87
      81
      80
      74
      75
      92
      53
      69
      67
      76
      57
      78
      70
      74
      69
      75
      64
      54
      57
      64
      64
      58
      55
      62
      65
      73
      55
      54
      57
      53
      63
      61
      64
      50
      47
      48
      54
      49
      65
      63
      65
      55
      58
      50
      52
      61
      51
      55
      55
      46
      50
      40
      37
      49
      51
      47
      47
      56
      50
      48
      53
      44
      35
      50
      45
      41
      38
      60
      43
      56
      35
      55
      44
      46
      41
      38
      59
      33
      43
      41
      47
      33
      54
      36
      31
      31
      47
      31
      45
      37
      40
      34
      35
      32
      33
      37
      44
      29
      33
      38
      30
      33
      31
      29
      29
      43
      37
      34
      31
      33
      31
      34
      36
      34
      39
      27
      34
      24
      28
      24
      21
      31
      19
      30
      31
      29
      29
      29
      33
      25
      24
      33
      18
      26
      29
      31
      27
      24
      24
      17
      29
      30
      27
      17
      27
      28
      25
      23
      20
      26
      17
      25
      19
      22
      21
      27
      25
      20
      22
      20
      23
      21
      16
      16
      17
      22
      20
      21
      15
      15
      19
      14
      20
      28
      10
      15
      12
      20
      15
      27
      15
      22
      10
      32
      12
      17
      14
      11
      24
      26
      12
      23
      16
      21
      13
      11
      25
      17
      16
      17
      23
      10
      21
      15
      21
      24
      16
      20
      14
      16
      21
      21
      16
      17
      20
      17
      24
      18
      24
      23
      14
      17
      16
      25
      12
      18
      18
      11
      14
      16
      16
      14
      11
      17
      18
      14
      25
       9
      11
      19
      16
      11
       8
      11
       8
      12
       7
       8
      11
       9
       8
      11
       5
       5
       1
       4
       7
       3
       2
       6
       3
       5
       3
       3
       2
       4
       5
       3
       2
       2
       3
       3
       2
       2
       2
       3
       4
       3
       3
       4
       2
       2
       1
       2
       6
       1
       1
       3
       5
       0
       4
       1
       2
       2
       3
       3
       2
       3
       3
       2
       3
       1
       1
       0
       1
       1
       0
       2
       0
       1
       2
       1
       0
       1
       0
       3
       3
       1
       1
       0
       1
       0
       2
       0
       0
       1
       0
       1
       1
       0
       1
       2
       5
       0
       0
       2
       3
       0
       0
       2
       1
       1
       0
       0
       0
       0
       0
       0
       1
       2
       0
       0
       0
       1
       0
       0
       1
       2
       0
       0
       0
       1
       1
       4
       0
       0
       1
       1
       1
       0
       1
       0
       0
       0
       1
       0
       0
       0
       1
       0
       0
       1
       0
       1
       2
       1
       1
       1
       1
       2
       1
       2
       0
       1
       0
       0
       1
       2
       3
       0
       2
       1
       1
       0
       1
       3
       0
       0
       0
       0
       0
       1
       0
       0
       1
       0
       0
       0
       0
       0
       0
       0
       0
       1
       1
       0
       0
       0
       0
       1
       0
       0
       1
       1
       3
       1
       0
       1
       1
       0
       0
       0
       1
       0
       0
       0
       1
       0
       0
       0
       1
       0
       0
       0
       0
       0
       0
       1
       0
       0
       0
       0
       0
       1
       3
       0
       0
       1
       1
       0
       0
       0
       1
       1
       1
       0
       0
       1
       0
       0
       0
       0
       0
       1
       0
       0
       0
       0
       1
       0
       0
       0
       0
       0
       1
       1
       1
       2
       0
       0
       0
       0
       0
       0
       0
       1
       0
       0
       0
       1
       2
       0
       0
       1
       0
       1
       0
       0
       0
       0
       0
       0
       0
       0
       0
       0
       1
       0
       0
       0
       0
       0
       0
       0
       0
       0
       1
       0
       0
       0
       0
       0
       0
       1
       2
       1
       0
       0
       0
       1
       0
       1
       1
       0
       0
       0
       0
       0
       0
       0
       1
       0
       0
       0
       2
       0
       0
       0
       0
       0
       0
       0
       0
       0
       2
       0
       0
       0
       0
       0
       0
       0
       0
       0
       0
       1
       0
       0
       0
       0
       1
       0
       0
       1
       1
       0
       0
       1
       0
       0
       1
       2
       1
       0
       0
       2
       0
       0
       0
       0
       0
       0
       1
       1
       0
       0
       0
       0
       0
       0
       0
       0
       0
       0
       0
       0
       0
       0
       0
       0
       1
       1
       1
       1
       0
       0
       0
       0
       0
       0
       0
       0
       0
       0
       0
       0
       0
       0
       0
       0
       0
       0
       0
       0
       0
       0
       0
       0
       0
       0
       0
       0
       0
       0
       0
       0
       0
       0
       0
       0
       0
       1
       0
       0
       0
       1
       0
       0
       0
       1
       0
       0
       0
       0
       1
       0
       0
       1
       1
       0
       0
       0
       2
$ROI:
0
$PRESETS:
Live Time
120
0
$ENER_FIT:
0.000000 0.000000
$MCA_CAL:
3
0.000000E+000 0.000000E+000 0.000000E+000 
$SHAPE_CAL:
3
0.000000E+000 0.000000E+000 0.000000E+000
