$SPEC_ID:
test1
$SPEC_REM:
DET# 1
DETDESC# DESKTOP-VMO734U digiBASE SN 56271
AP# Maestro Version 7.01
$DATE_MEA:
06/30/2022 18:21:31
$MEAS_TIM:
113 120
$DATA:
0 1023
       0
       0
       0
       0
       0
       0
       0
      79
    1842
    2907
    2947
    2976
    3031
    3186
    3055
    3154
    3069
    3209
    3210
    3264
    3457
    3561
    3582
    3425
    3475
    3504
    3409
    3362
    3470
    3585
    3560
    3713
    4101
    4565
    5104
    5531
    5744
    5698
    5383
    4923
    4733
    4401
    4260
    4155
    3858
    3633
    3468
    3397
    3462
    3453
    3380
    3427
    3462
    3409
    3283
    3492
    3479
    3536
    3504
    3460
    3530
    3518
    3463
    3498
    3515
    3486
    3428
    3543
    3714
    3437
    3656
    3816
    3795
    3722
    3676
    3678
    3882
    3787
    3954
    3950
    4100
    4032
    4170
    4201
    4364
    4492
    4519
    4608
    4580
    4600
    4513
    4551
    4487
    4543
    4520
    4435
    4654
    4433
    4369
    4331
    4340
    4251
    4305
    4320
    4192
    4293
    4279
    4124
    4209
    4176
    4155
    4097
    4230
    4165
    3986
    4047
    4086
    4003
    4052
    4000
    3994
    3796
    3822
    3947
    4016
    3921
    3854
    3865
    3892
    3802
    3846
    4016
    3828
    3898
    3977
    3828
    3863
    3901
    3877
    3841
    3956
    3980
    3835
    3859
    3806
    3893
    3811
    3931
    3912
    3850
    3834
    4002
    3977
    4022
    3853
    3908
    3831
    3908
    3897
    3991
    3818
    3925
    4062
    3963
    4023
    3924
    3930
    4006
    4063
    4039
    4027
    4151
    4102
    4098
    3971
    4117
    4032
    4163
    4146
    4080
    4079
    4197
    4140
    4059
    4044
    4033
    4195
    4214
    4063
    4133
    4032
    4050
    4007
    4050
    3912
    3944
    3773
    3647
    3666
    3568
    3354
    3308
    3229
    3112
    3009
    2831
    2849
    2873
    2688
    2516
    2455
    2421
    2290
    2252
    2150
    2176
    2111
    2042
    1952
    1950
    1942
    1921
    1816
    1767
    1750
    1763
    1734
    1589
    1625
    1620
    1617
    1550
    1487
    1599
    1578
    1551
    1518
    1463
    1489
    1478
    1546
    1518
    1505
    1584
    1542
    1504
    1604
    1570
    1648
    1596
    1709
    1648
    1734
    1737
    1787
    1827
    1963
    2034
    2144
    2263
    2347
    2586
    2672
    2916
    3194
    3500
    3898
    4382
    4924
    5447
    6013
    6628
    7442
    8441
    9364
   10346
   11442
   12477
   13412
   14522
   15453
   16671
   17640
   18285
   18862
   19233
   19695
   19761
   19402
   19203
   18655
   17757
   16934
   15920
   14614
   13631
   12314
   10947
    9872
    8875
    7518
    6641
    5645
    4884
    4114
    3569
    2882
    2444
    2023
    1653
    1371
    1147
     955
     813
     680
     517
     454
     376
     339
     294
     251
     239
     153
     164
     119
     115
     131
     108
      99
      94
      85
      78
      75
      74
      73
      62
      76
      66
      65
      60
      77
      53
      57
      57
      65
      57
      61
      52
      64
      62
      54
      62
      56
      60
      43
      49
      58
      42
      46
      53
      49
      47
      60
      46
      50
      56
      39
      43
      57
      53
      43
      43
      48
      50
      43
      45
      38
      42
      53
      45
      44
      40
      53
      54
      55
      38
      29
      44
      50
      38
      43
      45
      49
      48
      41
      47
      27
      38
      29
      45
      51
      30
      43
      39
      45
      31
      45
      41
      30
      36
      35
      26
      40
      28
      45
      41
      42
      44
      35
      39
      35
      38
      26
      37
      35
      28
      30
      33
      41
      28
      35
      26
      29
      37
      28
      29
      27
      33
      25
      28
      32
      30
      26
      33
      24
      29
      19
      28
      32
      18
      21
      28
      23
      39
      26
      24
      30
      26
      19
      25
      21
      34
      25
      19
      33
      23
      25
      22
      21
      24
      26
      25
      22
      11
      23
      27
      16
      20
      21
      24
      21
      25
      21
      23
      22
      19
      17
      18
      18
      18
      26
      18
      21
      14
      19
      17
      28
      14
      15
      19
      21
      15
      15
      17
      14
      12
      20
      25
      13
      13
      17
      15
       8
      15
      12
      14
      16
       9
      17
      15
      17
      17
      12
      17
      19
      15
       9
      16
      14
       9
      19
      12
      13
      18
      20
      15
      16
      16
      14
      16
      15
      17
      15
      15
      17
      14
      16
      18
      17
      19
      14
      24
      21
      21
      11
      23
      16
      15
      14
      20
      18
      12
      16
      18
      10
      13
      23
      22
      11
      15
      13
       8
      12
      12
       7
       9
       6
       9
       9
       7
       4
       9
       4
       5
       4
       3
       7
       3
       7
       8
       3
       4
       2
       3
       5
       5
       4
       1
       2
       1
       3
       3
       3
       4
       4
       2
       3
       2
       3
       0
       0
       3
       3
       2
       2
       3
       1
       5
       0
       3
       2
       1
       2
       2
       4
       0
       2
       1
       3
       1
       4
       3
       0
       0
       1
       0
       3
       5
       0
       2
       2
       1
       0
       1
       1
       1
       1
       0
       0
       0
       1
       2
       0
       0
       0
       0
       1
       0
       1
       0
       1
       1
       2
       1
       2
       0
       0
       3
       0
       1
       1
       3
       1
       0
       0
       0
       0
       1
       0
       0
       0
       0
       1
       1
       0
       2
       0
       0
       1
       0
       0
       0
       0
       0
       0
       1
       3
       2
       0
       0
       1
       0
       1
       2
       0
       0
       1
       0
       1
       0
       0
       0
       3
       0
       1
       0
       0
       0
       0
       0
       0
       1
       0
       0
       0
       1
       1
       0
       0
       1
       0
       3
       0
       1
       0
       3
       0
       2
       0
       0
       0
       0
       0
       2
       1
       2
       0
       2
       0
       0
       1
       0
       0
       1
       0
       0
       3
       0
       0
       0
       0
       0
       0
       0
       2
       0
       1
       0
       0
       0
       1
       0
       0
       0
       0
       0
       0
       0
       0
       0
       0
       0
       0
       1
       0
       0
       0
       0
       0
       1
       0
       0
       0
       0
       0
       0
       3
       0
       1
       0
       0
       0
       0
       1
       0
       1
       0
       0
       1
       1
       1
       2
       0
       0
       0
       0
       0
       0
       1
       0
       0
       0
       0
       1
       0
       0
       0
       0
       0
       0
       0
       0
       0
       1
       0
       0
       1
       0
       0
       1
       1
       1
       1
       0
       0
       0
       1
       0
       1
       0
       0
       0
       0
       0
       0
       1
       0
       1
       1
       1
       0
       0
       1
       1
       0
       0
       0
       0
       0
       0
       0
       0
       2
       0
       0
       0
       1
       0
       0
       0
       1
       0
       0
       0
       0
       1
       0
       0
       2
       0
       0
       0
       0
       0
       1
       0
       0
       0
       0
       0
       1
       2
       0
       0
       1
       1
       0
       1
       0
       0
       0
       0
       1
       1
       0
       0
       1
       0
       1
       1
       0
       0
       0
       0
       0
       0
       0
       0
       0
       0
       0
       1
       0
       0
       0
       1
       0
       1
       1
       0
       0
       1
       1
       1
       1
       1
       0
       1
       0
       0
       0
       0
       0
       0
       1
       0
       0
       0
       0
       1
       0
       0
       0
       0
       0
       0
       0
       0
       0
       0
       0
       0
       0
       0
       0
       0
       0
       1
       0
       0
       1
       0
       0
       0
       0
       0
       0
       0
       0
       0
       0
       0
       1
       0
       0
       0
       0
       0
       0
       0
       0
       0
       0
       0
       1
       0
       0
       0
       0
       1
       0
       0
       1
       1
       0
       0
       0
       0
       0
       0
       0
       0
       0
       0
$ROI:
0
$PRESETS:
Live Time
120
0
$ENER_FIT:
0.000000 0.000000
$MCA_CAL:
3
0.000000E+000 0.000000E+000 0.000000E+000 
$SHAPE_CAL:
3
0.000000E+000 0.000000E+000 0.000000E+000
