$SPEC_ID:
test1
$SPEC_REM:
DET# 1
DETDESC# DESKTOP-VMO734U digiBASE SN 56271
AP# Maestro Version 7.01
$DATE_MEA:
06/30/2022 18:15:07
$MEAS_TIM:
113 120
$DATA:
0 1023
       0
       0
       0
       0
       0
       0
       0
     118
    2130
    3171
    3088
    3231
    3414
    3498
    3469
    3511
    3508
    3644
    3578
    3694
    3940
    4000
    3842
    3835
    3927
    3843
    3881
    3780
    3917
    3906
    4095
    4212
    4649
    5062
    5478
    6319
    6361
    6063
    5823
    5527
    5127
    4782
    4719
    4319
    4142
    4066
    3947
    3812
    3837
    3778
    3829
    3687
    3850
    3814
    3976
    3863
    3789
    3881
    3924
    3935
    3844
    4001
    3894
    3880
    4000
    4011
    4017
    3987
    4100
    4095
    4177
    4011
    4171
    4228
    4252
    4344
    4300
    4448
    4506
    4542
    4603
    4560
    4756
    4859
    4984
    4949
    5048
    4994
    5085
    5039
    5186
    5195
    4970
    5115
    5026
    5061
    5112
    4914
    4942
    4905
    4850
    4729
    4747
    4911
    4833
    4735
    4705
    4640
    4661
    4708
    4597
    4632
    4525
    4573
    4602
    4591
    4434
    4543
    4297
    4352
    4438
    4521
    4441
    4436
    4389
    4427
    4393
    4425
    4308
    4363
    4305
    4482
    4311
    4386
    4402
    4295
    4341
    4162
    4519
    4472
    4225
    4371
    4320
    4216
    4159
    4464
    4470
    4425
    4358
    4310
    4384
    4343
    4269
    4419
    4508
    4477
    4326
    4296
    4434
    4473
    4459
    4398
    4442
    4454
    4541
    4500
    4454
    4378
    4568
    4560
    4560
    4618
    4517
    4537
    4592
    4698
    4545
    4640
    4713
    4730
    4733
    4657
    4654
    4605
    4629
    4608
    4626
    4702
    4464
    4580
    4592
    4543
    4248
    4290
    4411
    4180
    4141
    4039
    3833
    3943
    3694
    3548
    3512
    3333
    3299
    3025
    2998
    2861
    2873
    2700
    2610
    2523
    2499
    2393
    2421
    2176
    2261
    2156
    2140
    2194
    2082
    2024
    1946
    1922
    1937
    1878
    1901
    1833
    1887
    1763
    1814
    1685
    1801
    1784
    1729
    1721
    1775
    1777
    1631
    1740
    1741
    1747
    1703
    1781
    1799
    1850
    1852
    1840
    1990
    1878
    1911
    2046
    2089
    2219
    2275
    2464
    2401
    2492
    2793
    2939
    3129
    3453
    3677
    4180
    4667
    5059
    5660
    6520
    7247
    8025
    8883
    9825
   10821
   12205
   13155
   14493
   15836
   17003
   18588
   19613
   20332
   20999
   21466
   22180
   22082
   22298
   21806
   21287
   20446
   19452
   18168
   16962
   16051
   14441
   12777
   11557
   10260
    8930
    7857
    6676
    5738
    4876
    4242
    3537
    2972
    2509
    1991
    1584
    1365
    1113
     941
     779
     711
     580
     440
     379
     353
     331
     257
     215
     205
     183
     185
     141
     123
     119
     103
     124
      89
      82
      93
      94
      73
      85
      77
      88
      87
      91
      84
      75
      73
      59
      72
      75
      69
      82
      55
      66
      66
      58
      68
      69
      64
      71
      78
      67
      68
      65
      67
      87
      61
      64
      78
      58
      65
      61
      72
      60
      62
      66
      57
      76
      57
      64
      55
      77
      53
      48
      38
      57
      56
      54
      52
      55
      57
      42
      48
      49
      54
      53
      57
      60
      48
      57
      59
      56
      53
      58
      53
      46
      46
      50
      39
      56
      42
      56
      48
      45
      51
      55
      45
      40
      47
      37
      37
      50
      38
      50
      33
      51
      39
      45
      32
      35
      41
      39
      46
      28
      51
      27
      34
      49
      34
      43
      40
      45
      35
      36
      39
      38
      36
      30
      34
      56
      31
      36
      45
      38
      47
      35
      38
      32
      32
      32
      32
      30
      31
      25
      23
      29
      34
      31
      34
      27
      21
      25
      32
      38
      32
      33
      32
      26
      31
      23
      23
      30
      23
      34
      25
      24
      27
      25
      22
      29
      17
      15
      17
      21
      30
      13
      16
      29
      19
      27
      25
      27
      15
      18
      23
      24
      19
      22
      20
      21
      36
      25
      17
      22
      18
      11
      21
      17
      16
      14
      17
      18
      21
      17
      25
      17
      22
      19
      21
      26
      18
      18
      12
      15
      20
      18
      16
      20
      22
      18
      27
      23
      19
      12
      19
      29
      25
      14
      24
      19
      17
      20
      24
      19
      15
      22
      17
      20
      24
      17
      17
      21
      17
      17
      18
      18
      15
      19
      15
       8
      13
      13
      17
      12
      14
      11
      15
      11
       7
       9
      11
       7
      11
       7
      11
      11
       5
       5
       2
       4
       4
       6
       2
       5
       4
       2
       2
       7
       3
       4
       2
       2
       3
       2
       2
       1
       3
       2
       5
       1
       3
       2
       3
       5
       2
       3
       1
       1
       6
       1
       1
       2
       3
       0
       6
       1
       1
       3
       1
       1
       3
       4
       4
       0
       1
       4
       2
       3
       3
       1
       2
       3
       0
       1
       0
       1
       0
       0
       0
       0
       2
       2
       0
       0
       1
       0
       1
       0
       1
       2
       1
       0
       0
       2
       0
       3
       1
       1
       0
       1
       0
       1
       2
       2
       1
       0
       0
       0
       0
       0
       0
       1
       0
       1
       0
       2
       0
       1
       0
       1
       0
       1
       2
       1
       0
       0
       0
       0
       0
       0
       2
       1
       1
       0
       0
       0
       1
       0
       1
       1
       0
       1
       0
       1
       0
       0
       0
       2
       1
       1
       1
       0
       0
       0
       0
       1
       0
       4
       0
       2
       0
       0
       1
       0
       0
       0
       0
       1
       0
       1
       0
       0
       0
       0
       1
       0
       1
       1
       1
       0
       0
       0
       2
       1
       0
       0
       1
       1
       0
       0
       1
       0
       1
       0
       1
       0
       0
       0
       0
       0
       0
       0
       0
       0
       1
       2
       0
       0
       1
       0
       0
       0
       0
       0
       0
       1
       0
       0
       0
       0
       0
       0
       0
       0
       0
       0
       1
       1
       0
       0
       2
       0
       0
       1
       1
       1
       0
       1
       0
       0
       1
       0
       0
       0
       0
       1
       1
       0
       0
       1
       0
       0
       0
       1
       1
       0
       0
       0
       0
       0
       0
       0
       0
       0
       0
       0
       0
       1
       0
       0
       0
       2
       1
       1
       0
       1
       0
       0
       1
       0
       0
       0
       0
       0
       0
       1
       1
       0
       1
       0
       0
       0
       0
       0
       0
       0
       1
       0
       0
       0
       0
       0
       1
       0
       0
       0
       0
       0
       0
       0
       0
       0
       1
       0
       0
       1
       1
       0
       0
       1
       0
       3
       0
       1
       0
       0
       0
       0
       1
       1
       0
       0
       1
       0
       1
       1
       0
       0
       0
       0
       1
       1
       0
       0
       0
       0
       0
       1
       0
       1
       1
       1
       1
       0
       0
       0
       0
       0
       0
       0
       0
       0
       0
       0
       0
       0
       0
       0
       1
       0
       1
       0
       0
       0
       0
       0
       1
       0
       2
       0
       0
       0
       0
       0
       0
       0
       1
       0
       0
       0
       0
       0
       0
       0
       0
       0
       0
       0
       0
       0
       0
       0
       0
       0
       0
       0
       0
       0
       0
       0
       0
       0
       0
       0
       0
       1
       0
       0
       0
       0
       0
       0
       0
       0
       0
       1
       0
       0
       0
       1
       0
       0
       1
       0
       0
       0
       0
       0
       0
       0
       0
       0
       0
       0
       0
       1
       0
       0
       0
       0
       0
       0
       0
       0
       0
       1
       1
       0
       0
       0
$ROI:
0
$PRESETS:
Live Time
120
0
$ENER_FIT:
0.000000 0.000000
$MCA_CAL:
3
0.000000E+000 0.000000E+000 0.000000E+000 
$SHAPE_CAL:
3
0.000000E+000 0.000000E+000 0.000000E+000
