$SPEC_ID:
test1
$SPEC_REM:
DET# 1
DETDESC# DESKTOP-VMO734U digiBASE SN 56271
AP# Maestro Version 7.01
$DATE_MEA:
06/30/2022 21:24:41
$MEAS_TIM:
119 120
$DATA:
0 1023
       0
       0
       0
       0
       0
       0
       0
       0
      18
      23
      31
      25
      30
      37
      33
      38
      39
      28
      22
      41
      42
      43
      40
      45
      38
      29
      30
      27
      32
      37
      40
      52
      65
      74
      90
     102
      87
      79
      76
      86
      56
      56
      57
      48
      44
      58
      38
      28
      45
      38
      32
      35
      46
      40
      37
      35
      38
      37
      48
      44
      43
      43
      40
      29
      40
      36
      48
      33
      39
      34
      56
      53
      50
      41
      46
      35
      45
      51
      39
      54
      58
      52
      61
      47
      54
      55
      37
      39
      54
      55
      51
      45
      55
      38
      52
      45
      60
      41
      45
      55
      48
      58
      45
      34
      46
      39
      33
      43
      54
      47
      47
      49
      44
      36
      46
      38
      46
      39
      43
      46
      37
      36
      39
      47
      48
      54
      33
      59
      47
      40
      40
      44
      52
      43
      47
      41
      47
      41
      40
      42
      35
      45
      52
      51
      36
      39
      45
      55
      49
      43
      52
      50
      54
      41
      36
      46
      52
      50
      44
      37
      36
      35
      32
      44
      50
      38
      37
      35
      37
      45
      32
      38
      42
      42
      35
      43
      26
      34
      30
      43
      36
      47
      46
      28
      31
      39
      21
      29
      32
      35
      22
      39
      29
      29
      30
      35
      23
      23
      28
      22
      28
      30
      31
      22
      25
      18
      26
      29
      25
      19
      16
      20
      26
      25
      30
      26
      23
      15
      34
      25
      30
      32
      26
      23
      22
      23
      30
      31
      21
      34
      22
      29
      24
      29
      29
      41
      42
      37
      27
      44
      44
      40
      44
      33
      63
      53
      48
      48
      55
      57
      66
      67
      66
      73
      93
      62
      68
      73
      83
      82
      61
      64
      64
      63
      79
      76
      65
      45
      68
      58
      55
      43
      36
      43
      37
      44
      25
      28
      39
      38
      20
      22
      20
      18
      15
      15
      10
      13
      13
       5
      10
      13
       9
      10
       7
       8
       9
       2
       7
       4
       3
       7
       5
       4
       4
       5
       6
       1
       6
       3
       6
       2
       4
       6
       3
       0
       3
       5
       5
       2
       5
       6
       1
       3
       3
       1
       5
       7
       5
       3
       1
       1
       4
       6
       3
       2
       5
       5
       3
       2
       7
       7
       3
       5
       3
       6
       4
       2
       5
       4
       2
       1
       4
       5
       3
       3
       1
       1
       3
       1
       0
       1
       2
       6
       1
       4
       2
       6
       3
       2
       3
       4
       4
       1
       7
       2
       3
       4
       4
       2
       1
       6
       6
       5
       8
       0
       3
       2
       4
       2
       5
       4
       2
       1
       2
       6
       5
       3
       4
       2
       6
       3
       3
       1
       3
       5
       4
       2
       1
       5
       3
       4
       1
       1
       1
       2
       4
       0
       4
       2
       0
       7
       3
       2
       3
       3
       1
       0
       1
       2
       2
       2
       1
       2
       2
       1
       1
       1
       3
       1
       2
       2
       1
       2
       1
       3
       3
       4
       4
       5
       0
       1
       4
       3
       2
       1
       3
       3
       1
       2
       4
       3
       1
       3
       2
       2
       1
       2
       3
       1
       5
       3
       2
       1
       0
       0
       0
       4
       1
       1
       1
       2
       3
       3
       1
       5
       1
       3
       2
       3
       1
       1
       1
       3
       4
       1
       0
       1
       1
       1
       3
       1
       0
       2
       1
       2
       1
       1
       1
       4
       2
       1
       1
       0
       4
       1
       1
       1
       2
       1
       0
       1
       1
       2
       1
       5
       1
       0
       1
       1
       2
       2
       0
       1
       1
       1
       4
       2
       2
       0
       1
       2
       2
       2
       1
       2
       2
       0
       0
       1
       4
       3
       2
       0
       2
       2
       2
       0
       1
       1
       0
       3
       1
       1
       3
       2
       3
       3
       1
       2
       2
       5
       2
       2
       1
       1
       2
       0
       2
       3
       4
       1
       2
       1
       4
       2
       2
       6
       6
       5
       3
       6
       0
       3
       5
       2
       1
       5
       1
       2
       3
       2
       2
       4
       1
       2
       2
       2
       2
       2
       1
       1
       2
       2
       0
       0
       3
       1
       1
       1
       2
       1
       1
       0
       1
       0
       1
       0
       1
       1
       1
       3
       2
       2
       1
       0
       0
       1
       0
       0
       2
       0
       1
       1
       1
       0
       0
       0
       0
       1
       1
       1
       1
       0
       1
       1
       1
       0
       0
       0
       0
       0
       0
       1
       0
       1
       0
       1
       0
       0
       1
       0
       0
       0
       2
       0
       0
       2
       1
       1
       0
       0
       0
       0
       1
       1
       1
       0
       0
       3
       0
       0
       0
       1
       0
       1
       1
       0
       0
       1
       0
       2
       0
       0
       0
       1
       1
       1
       0
       0
       0
       0
       0
       1
       0
       2
       1
       2
       1
       0
       0
       1
       0
       3
       1
       0
       0
       0
       0
       0
       2
       0
       0
       0
       3
       1
       1
       0
       0
       0
       0
       0
       1
       0
       0
       0
       0
       0
       0
       0
       1
       0
       0
       0
       0
       1
       0
       0
       0
       1
       0
       1
       0
       0
       0
       1
       2
       1
       0
       0
       0
       0
       0
       0
       1
       2
       1
       0
       1
       0
       0
       1
       1
       0
       0
       0
       0
       1
       1
       0
       0
       0
       1
       0
       0
       0
       0
       0
       0
       1
       0
       0
       2
       1
       0
       0
       1
       0
       0
       0
       0
       0
       0
       0
       0
       1
       0
       0
       0
       0
       0
       1
       0
       0
       1
       2
       2
       1
       1
       0
       0
       0
       1
       1
       0
       0
       0
       1
       0
       1
       0
       0
       0
       0
       1
       1
       1
       0
       0
       0
       0
       0
       1
       0
       0
       1
       0
       0
       0
       1
       0
       0
       0
       0
       0
       0
       0
       0
       1
       1
       0
       3
       0
       0
       0
       0
       1
       0
       0
       0
       3
       1
       0
       1
       0
       1
       1
       1
       1
       1
       0
       0
       0
       0
       1
       1
       2
       1
       1
       0
       1
       1
       0
       0
       1
       1
       0
       0
       0
       0
       0
       2
       0
       0
       2
       0
       0
       0
       1
       2
       0
       1
       0
       0
       0
       0
       0
       0
       0
       1
       0
       0
       0
       0
       0
       0
       0
       0
       0
       0
       0
       0
       1
       1
       0
       1
       0
       0
       0
       0
       0
       0
       0
       0
       0
       1
       1
       0
       0
       2
       1
       0
       0
       0
       0
       0
       0
       1
       0
       0
       0
       0
       0
       0
       0
       0
       0
       0
       0
       0
       0
       0
       0
       0
       0
       0
       0
       0
       0
       0
       0
       0
       0
       0
       0
       0
       0
       0
       1
       0
       0
       0
       0
       0
       0
       0
       1
       1
       0
       0
       0
       0
       0
       1
       0
       1
       0
       1
       0
       0
       1
       0
       2
       0
$ROI:
0
$PRESETS:
Live Time
120
0
$ENER_FIT:
0.000000 0.000000
$MCA_CAL:
3
0.000000E+000 0.000000E+000 0.000000E+000 
$SHAPE_CAL:
3
0.000000E+000 0.000000E+000 0.000000E+000
