$SPEC_ID:
test1
$SPEC_REM:
DET# 1
DETDESC# DESKTOP-VMO734U digiBASE SN 56271
AP# Maestro Version 7.01
$DATE_MEA:
06/30/2022 18:35:52
$MEAS_TIM:
119 120
$DATA:
0 1023
       0
       0
       0
       0
       0
       0
       0
       2
      23
      32
      27
      35
      39
      29
      39
      39
      45
      47
      38
      34
      39
      42
      46
      35
      45
      43
      50
      28
      39
      33
      44
      40
      58
      75
      78
      85
      96
      86
      97
      84
     106
      84
      67
      69
      51
      47
      50
      54
      43
      37
      46
      45
      34
      44
      49
      52
      41
      41
      40
      56
      55
      42
      43
      41
      48
      51
      39
      45
      40
      54
      46
      51
      51
      38
      55
      37
      33
      54
      50
      42
      45
      48
      37
      36
      47
      49
      35
      60
      52
      46
      47
      51
      51
      62
      43
      33
      48
      52
      35
      45
      55
      48
      44
      52
      38
      39
      34
      41
      41
      34
      56
      45
      41
      49
      41
      47
      35
      36
      35
      40
      43
      48
      40
      42
      49
      44
      51
      42
      48
      40
      39
      50
      34
      35
      49
      39
      37
      36
      38
      50
      42
      41
      44
      41
      33
      47
      43
      58
      44
      37
      47
      54
      37
      38
      49
      47
      36
      43
      35
      41
      40
      42
      43
      52
      43
      34
      39
      42
      33
      36
      30
      38
      45
      39
      41
      37
      35
      41
      33
      32
      37
      31
      44
      36
      40
      30
      37
      36
      35
      41
      27
      33
      34
      23
      39
      38
      42
      35
      25
      27
      38
      31
      28
      26
      34
      24
      24
      21
      28
      20
      30
      31
      24
      33
      20
      26
      29
      24
      28
      26
      15
      32
      21
      24
      20
      30
      34
      23
      17
      33
      26
      23
      32
      27
      26
      25
      30
      30
      22
      30
      19
      24
      23
      31
      35
      30
      31
      33
      36
      39
      44
      48
      56
      64
      48
      66
      67
      69
      77
      64
      82
      74
      82
      72
      95
      76
     105
      79
      89
      92
      84
      84
      64
      65
      62
      77
      53
      52
      60
      41
      47
      46
      42
      31
      26
      25
      26
      31
      25
      16
      13
      13
       9
      11
      11
       9
       7
       6
       6
       7
       5
      11
       9
       6
       7
       3
       6
       5
       4
       7
       4
       7
       6
       4
       6
       2
       5
       5
       3
       3
       4
       1
       6
       2
       9
       5
       2
       5
       3
       3
       3
       1
       3
       6
       3
       2
       4
       0
       1
       8
       5
       2
       4
       4
       4
       4
       3
       2
       1
       4
       2
       8
       5
       2
       1
       1
       3
       4
       3
       5
       6
       5
       1
       5
       6
       8
       5
       6
       3
       1
       3
       3
       3
       3
       4
       4
       1
       0
       2
       2
       2
       4
       3
       2
       5
       1
       1
       1
       3
       5
       2
       6
       3
       5
       4
       4
       0
       1
       4
       5
       3
       2
       2
       4
       1
       3
       5
       3
       7
       5
       4
       2
       5
       3
       4
       2
       1
       2
       2
       3
       2
       7
       4
       2
       2
       6
       4
       4
       3
       2
       2
       3
       3
       5
       2
       2
       1
       4
       1
       2
       2
       4
       3
       2
       5
       1
       2
       2
       2
       0
       3
       4
       4
       5
       3
       0
       3
       3
       5
       1
       2
       3
       1
       6
       3
       1
       1
       4
       4
       2
       1
       3
       4
       3
       5
       1
       6
       3
       3
       2
       3
       1
       3
       3
       2
       4
       3
       1
       5
       4
       2
       2
       2
       1
       4
       3
       1
       1
       2
       0
       3
       3
       1
       5
       1
       2
       0
       3
       2
       0
       2
       1
       1
       6
       3
       1
       5
       3
       2
       3
       0
       2
       2
       0
       1
       1
       3
       2
       0
       0
       2
       2
       0
       3
       2
       2
       2
       0
       1
       0
       3
       2
       2
       3
       1
       1
       2
       1
       1
       0
       1
       1
       3
       1
       0
       1
       1
       1
       2
       1
       0
       1
       3
       2
       1
       2
       0
       2
       3
       1
       0
       2
       0
       2
       1
       2
       1
       0
       1
       1
       1
       2
       2
       1
       2
       1
       2
       2
       3
       0
       0
       2
       0
       2
       1
       2
       1
       1
       2
       4
       1
       2
       1
       1
       3
       3
       1
       3
       3
       1
       6
       1
       3
       5
       2
       2
       2
       1
       2
       2
       4
       2
       4
       0
       3
       1
       3
       0
       3
       1
       1
       1
       2
       2
       1
       2
       2
       2
       0
       1
       2
       1
       0
       3
       1
       1
       0
       2
       0
       1
       0
       0
       0
       2
       1
       2
       1
       1
       4
       1
       0
       0
       0
       1
       1
       1
       1
       2
       0
       0
       1
       2
       0
       2
       0
       1
       0
       2
       0
       1
       0
       1
       0
       0
       0
       1
       1
       0
       1
       0
       1
       0
       0
       0
       1
       0
       0
       0
       0
       0
       1
       2
       1
       0
       1
       1
       2
       1
       1
       0
       0
       0
       1
       0
       0
       0
       0
       1
       0
       1
       0
       1
       1
       0
       0
       0
       0
       1
       1
       0
       1
       1
       0
       0
       1
       0
       0
       0
       0
       0
       0
       0
       0
       0
       0
       0
       0
       0
       1
       0
       1
       0
       0
       1
       0
       1
       1
       0
       1
       0
       1
       1
       0
       0
       0
       0
       0
       0
       0
       0
       1
       0
       1
       0
       0
       1
       0
       1
       3
       1
       0
       0
       0
       0
       0
       0
       0
       1
       0
       1
       1
       0
       1
       0
       0
       0
       0
       1
       1
       0
       0
       0
       1
       0
       0
       1
       0
       0
       0
       0
       0
       0
       0
       0
       0
       0
       1
       0
       0
       0
       1
       0
       0
       0
       1
       0
       1
       0
       0
       2
       0
       0
       0
       1
       0
       0
       0
       1
       0
       0
       0
       0
       0
       0
       0
       0
       0
       1
       1
       1
       0
       1
       0
       1
       1
       2
       0
       0
       0
       0
       0
       0
       1
       0
       0
       0
       1
       0
       1
       0
       0
       0
       0
       1
       0
       0
       0
       0
       0
       0
       1
       2
       0
       2
       0
       0
       0
       0
       1
       0
       0
       0
       1
       0
       0
       0
       0
       1
       0
       0
       2
       0
       0
       1
       1
       0
       0
       1
       0
       2
       1
       1
       2
       2
       0
       2
       0
       0
       0
       0
       0
       1
       0
       0
       0
       1
       0
       1
       0
       1
       1
       0
       0
       0
       2
       1
       0
       0
       0
       1
       0
       0
       0
       0
       0
       0
       0
       0
       0
       0
       1
       0
       0
       0
       0
       0
       0
       0
       1
       0
       0
       0
       0
       1
       0
       1
       0
       0
       0
       0
       0
       0
       0
       0
       0
       0
       0
       0
       1
       0
       0
       0
       1
       2
       0
       0
       0
       0
       0
       0
       0
       0
       0
       0
       0
       1
       0
       1
       0
       0
       0
       0
       1
       0
       0
       0
       0
       0
       0
       0
       0
       0
       0
       0
       0
       0
       0
       0
       1
       0
       1
       0
       0
       2
$ROI:
0
$PRESETS:
Live Time
120
0
$ENER_FIT:
0.000000 0.000000
$MCA_CAL:
3
0.000000E+000 0.000000E+000 0.000000E+000 
$SHAPE_CAL:
3
0.000000E+000 0.000000E+000 0.000000E+000
