$SPEC_ID:
test1
$SPEC_REM:
DET# 1
DETDESC# DESKTOP-VMO734U digiBASE SN 56271
AP# Maestro Version 7.01
$DATE_MEA:
06/30/2022 20:39:27
$MEAS_TIM:
119 120
$DATA:
0 1023
       0
       0
       0
       0
       0
       0
       0
       1
      19
      48
      40
      39
      23
      39
      40
      42
      44
      43
      47
      55
      46
      64
      48
      47
      49
      44
      39
      41
      45
      47
      51
      59
      78
      93
     114
     121
     123
     125
     100
     100
      79
      83
      84
      70
      60
      70
      52
      47
      49
      45
      52
      49
      46
      41
      47
      62
      40
      61
      45
      60
      61
      42
      45
      53
      44
      42
      53
      54
      59
      65
      59
      57
      51
      59
      51
      49
      63
      43
      58
      57
      59
      65
      59
      56
      68
      71
      54
      75
      52
      57
      60
      71
      53
      66
      63
      48
      62
      52
      60
      63
      51
      58
      47
      56
      55
      58
      51
      63
      56
      53
      54
      53
      61
      61
      46
      49
      56
      52
      50
      39
      56
      58
      49
      52
      53
      50
      54
      43
      49
      53
      42
      54
      54
      45
      55
      51
      58
      37
      54
      60
      50
      49
      55
      65
      58
      49
      65
      45
      53
      64
      54
      53
      45
      37
      38
      43
      44
      45
      46
      56
      55
      46
      53
      49
      49
      51
      62
      42
      39
      37
      38
      52
      54
      45
      43
      63
      36
      40
      43
      42
      38
      43
      34
      34
      41
      35
      25
      45
      41
      36
      37
      26
      28
      41
      39
      37
      31
      33
      36
      31
      33
      33
      34
      22
      35
      32
      40
      30
      40
      31
      25
      24
      26
      21
      23
      25
      31
      27
      41
      34
      25
      35
      22
      35
      27
      26
      35
      21
      31
      39
      32
      31
      41
      48
      33
      39
      54
      53
      48
      52
      48
      63
      57
      58
      56
      68
      86
      79
      65
      95
      77
      80
      93
     101
      96
     108
     108
      98
     113
      90
     109
      90
      94
     111
      95
      85
      78
      88
      75
      53
      47
      63
      55
      62
      48
      40
      46
      33
      31
      34
      27
      20
      14
      19
      23
      19
      16
      10
      10
       6
      11
       8
       6
      13
       7
       2
       5
       6
       4
       7
       3
       4
      15
       3
       1
       1
       6
       8
       2
       5
       3
       3
       9
       2
       4
       2
       2
       4
       3
       5
       1
       3
       7
       4
       3
       7
       3
       9
       5
       3
       3
       3
       2
       7
       4
       1
       4
       4
       2
       3
       4
       6
       2
       0
       9
       2
       4
       2
       4
       6
       2
       5
       1
       4
       2
       3
       4
       2
       2
       1
       1
       2
       6
       0
       3
       3
       8
       3
       5
       2
       8
       7
       4
       8
       2
       4
       3
       5
       1
       0
       4
       2
       8
       4
       6
       6
       5
       5
       4
       6
       0
       4
       3
       3
       2
       4
       5
       3
       2
       5
       4
       4
       8
       4
       7
       5
       9
       3
       4
       3
       4
       3
       3
       4
       3
       0
       5
       4
       3
       1
       1
       1
       6
       2
       2
       3
       4
       2
       3
       1
       3
       4
       3
       2
       2
       3
       1
       0
       2
       3
       1
       1
       3
       2
       2
       2
       1
       4
       5
       4
       1
       4
       2
       2
       2
       2
       3
       1
       4
       2
       0
       3
       3
       1
       3
       1
       2
       2
       3
       2
       2
       2
       1
       3
       1
       1
       1
       3
       2
       4
       3
       1
       1
       3
       2
       3
       1
       0
       1
       3
       3
       2
       2
       4
       2
       1
       2
       0
       1
       2
       3
       1
       1
       3
       4
       1
       1
       0
       0
       5
       1
       0
       1
       3
       2
       2
       3
       2
       2
       2
       0
       3
       3
       0
       0
       1
       2
       3
       1
       1
       0
       3
       2
       0
       0
       1
       1
       3
       0
       0
       0
       1
       0
       0
       2
       1
       0
       1
       1
       0
       1
       1
       1
       0
       0
       2
       0
       0
       1
       0
       4
       3
       1
       1
       2
       1
       3
       2
       2
       2
       4
       1
       2
       2
       5
       2
       0
       2
       4
       5
       4
       2
       3
       4
       5
       1
       1
       4
       2
       5
       1
       3
       1
       6
       4
       2
       3
       6
       2
       3
       3
       2
       3
       3
       2
       0
       2
       3
       1
       1
       1
       1
       3
       2
       0
       2
       1
       1
       3
       0
       2
       2
       0
       2
       1
       1
       0
       1
       0
       0
       0
       2
       0
       1
       0
       2
       0
       0
       0
       0
       0
       0
       1
       0
       1
       2
       0
       0
       0
       1
       0
       0
       0
       0
       0
       1
       3
       1
       1
       1
       0
       1
       0
       1
       1
       0
       1
       0
       0
       0
       0
       0
       0
       1
       0
       1
       0
       0
       1
       0
       0
       2
       1
       0
       0
       0
       1
       1
       0
       1
       0
       0
       2
       1
       0
       2
       0
       1
       1
       0
       0
       0
       0
       0
       0
       0
       0
       1
       0
       0
       0
       0
       0
       0
       0
       0
       0
       0
       1
       0
       0
       1
       0
       0
       0
       2
       0
       0
       1
       0
       0
       0
       0
       1
       0
       1
       0
       0
       1
       0
       0
       0
       0
       0
       1
       0
       0
       1
       0
       1
       1
       0
       1
       0
       1
       0
       0
       1
       0
       0
       1
       1
       1
       0
       0
       0
       1
       0
       0
       0
       0
       0
       0
       0
       0
       0
       0
       0
       0
       0
       1
       1
       0
       0
       0
       0
       0
       0
       0
       2
       0
       0
       0
       1
       0
       0
       0
       0
       0
       0
       0
       0
       1
       1
       0
       0
       0
       1
       0
       0
       0
       0
       0
       0
       0
       0
       1
       0
       1
       0
       1
       0
       0
       0
       0
       1
       1
       2
       0
       1
       1
       0
       0
       1
       0
       1
       1
       1
       0
       0
       2
       1
       1
       0
       1
       1
       1
       1
       2
       1
       1
       0
       0
       1
       1
       0
       0
       2
       0
       0
       0
       1
       0
       0
       0
       0
       1
       0
       2
       0
       2
       1
       0
       0
       0
       1
       0
       0
       0
       0
       0
       0
       0
       1
       0
       0
       0
       0
       1
       0
       0
       1
       0
       0
       0
       2
       0
       1
       0
       1
       0
       1
       0
       0
       0
       2
       0
       0
       0
       0
       0
       0
       0
       1
       0
       0
       0
       0
       0
       0
       0
       0
       0
       0
       0
       0
       0
       0
       0
       0
       0
       0
       0
       0
       0
       0
       0
       0
       0
       0
       0
       0
       0
       0
       0
       0
       0
       0
       0
       0
       0
       0
       0
       0
       0
       0
       0
       0
       0
       1
       0
       0
       1
       0
       0
       0
       0
       0
       0
       0
       0
       0
       0
       0
       1
       0
       0
       0
       0
       0
       0
       0
       1
       0
       1
       0
       0
       1
       0
       1
       0
       0
       0
       0
       0
       0
       0
       1
       0
       0
       0
       0
       1
       0
       0
       1
       0
       0
       0
       1
       0
       0
       0
       0
       0
       1
       0
       0
       0
       0
       1
       1
       0
       0
$ROI:
0
$PRESETS:
Live Time
120
0
$ENER_FIT:
0.000000 0.000000
$MCA_CAL:
3
0.000000E+000 0.000000E+000 0.000000E+000 
$SHAPE_CAL:
3
0.000000E+000 0.000000E+000 0.000000E+000
