$SPEC_ID:
test1
$SPEC_REM:
DET# 1
DETDESC# DESKTOP-VMO734U digiBASE SN 56271
AP# Maestro Version 7.01
$DATE_MEA:
06/30/2022 18:32:02
$MEAS_TIM:
119 120
$DATA:
0 1023
       0
       0
       0
       0
       0
       0
       0
       1
       8
      25
      13
      13
      19
      16
      31
      25
      21
      19
      24
      19
      18
      20
      22
      27
      17
      24
      22
      25
      18
      23
      26
      38
      38
      53
      45
      72
      79
      76
      68
      66
      60
      56
      41
      50
      39
      32
      30
      21
      14
      26
      23
      26
      22
      27
      18
      23
      23
      24
      20
      17
      25
      27
      26
      28
      19
      25
      24
      18
      28
      27
      23
      27
      25
      21
      28
      26
      27
      27
      19
      20
      24
      33
      21
      24
      25
      32
      29
      22
      28
      18
      25
      29
      18
      32
      26
      29
      26
      21
      21
      24
      30
      27
      21
      24
      26
      30
      27
      19
      24
      23
      32
      24
      21
      30
      25
      20
      23
      16
      22
      26
      22
      24
      24
      36
      26
      23
      31
      36
      24
      26
      27
      26
      29
      24
      26
      22
      26
      20
      22
      29
      18
      23
      32
      20
      25
      30
      22
      25
      25
      23
      23
      29
      34
      24
      32
      29
      23
      24
      20
      25
      30
      24
      44
      22
      27
      22
      21
      25
      25
      39
      21
      29
      28
      19
      28
      27
      24
      25
      27
      25
      27
      19
      21
      21
      30
      15
      17
      22
      27
      22
      17
      17
      19
      24
      22
      16
      16
      22
      24
      25
      15
      24
      15
      19
      22
      21
      16
      28
      20
      15
      27
      13
      16
      25
      16
      13
      29
      13
      13
      21
      25
      15
      11
      18
      19
      14
      14
      21
      18
      21
      17
      11
       8
      21
      26
      14
       8
      21
      17
      14
      22
      13
      25
      21
      18
      17
      22
      28
      18
      18
      16
      23
      23
      19
      25
      17
      15
      24
      23
      26
      21
      16
      33
      32
      30
      22
      25
      25
      24
      27
      30
      33
      22
      23
      26
      29
      18
      25
      19
      20
      21
      15
      20
      17
      19
      11
      14
      11
      10
      17
      10
      18
      11
       9
      10
      12
       4
       4
       7
       5
       6
      13
       5
       2
       4
       7
       1
       7
       9
       6
       5
       5
       3
       4
       4
       4
       6
       6
       6
       2
       3
       5
       3
       3
       4
       6
       4
       3
       5
       3
       6
       7
       1
       3
       2
       6
       3
       4
       4
       4
       5
       5
       5
       5
       8
       3
       4
       5
       8
       3
       2
       2
       0
       5
       3
       6
       2
       6
       2
       3
       2
       3
       5
       3
       3
       4
       3
       2
       5
       4
       4
       3
       7
       1
       5
       4
       5
       3
       4
       2
       2
      11
       3
       4
       3
       4
       4
       2
       2
       4
       7
       5
       5
       2
       3
       4
       3
       3
       2
       0
       2
       3
       6
       2
       6
       2
       1
       1
       4
       2
       4
       1
       4
       3
       4
       2
       7
       3
       1
       6
       2
       4
       2
       2
       5
       5
       3
       4
       1
       2
       2
       1
       0
       4
       2
       4
       3
       0
       1
       3
       2
       2
       0
       2
       0
       3
       3
       4
       1
       1
       4
       3
       2
       5
       3
       1
       2
       1
       2
       1
       4
       1
       1
       3
       2
       1
       3
       1
       0
       2
       5
       1
       3
       2
       1
       2
       3
       4
       1
       2
       8
       1
       1
       3
       5
       0
       1
       1
       2
       1
       1
       3
       2
       1
       4
       3
       2
       2
       1
       5
       1
       4
       1
       2
       0
       2
       1
       5
       2
       2
       2
       1
       4
       3
       4
       1
       0
       2
       0
       1
       1
       2
       1
       1
       2
       1
       3
       2
       3
       1
       2
       1
       1
       2
       0
       0
       2
       1
       1
       3
       0
       0
       1
       0
       2
       1
       2
       0
       0
       0
       2
       1
       2
       1
       1
       1
       0
       1
       4
       2
       1
       3
       0
       2
       3
       1
       1
       0
       1
       2
       4
       1
       0
       2
       2
       1
       0
       2
       0
       0
       2
       1
       3
       0
       3
       2
       2
       3
       2
       3
       1
       3
       4
       1
       6
       2
       1
       5
       4
       2
       2
       5
       0
       3
       7
       3
       2
       5
       3
       4
       1
       3
       1
       2
       1
       1
       2
       3
       4
       2
       5
       1
       2
       2
       0
       1
       0
       1
       2
       4
       1
       1
       3
       3
       2
       0
       1
       0
       1
       2
       1
       0
       3
       1
       0
       1
       1
       0
       1
       1
       0
       2
       1
       0
       1
       0
       1
       1
       1
       1
       1
       0
       1
       1
       0
       1
       0
       1
       2
       0
       1
       0
       0
       2
       0
       0
       0
       0
       1
       0
       1
       0
       1
       0
       0
       0
       1
       1
       1
       0
       0
       0
       0
       1
       0
       1
       1
       0
       0
       0
       1
       1
       0
       1
       0
       0
       0
       1
       0
       1
       0
       1
       1
       0
       2
       0
       0
       0
       0
       1
       0
       0
       2
       0
       1
       4
       1
       0
       0
       0
       0
       0
       1
       1
       3
       0
       0
       1
       2
       0
       0
       1
       1
       0
       0
       1
       1
       0
       0
       0
       1
       1
       1
       0
       0
       1
       0
       0
       0
       0
       1
       0
       0
       0
       0
       0
       1
       0
       0
       0
       0
       0
       0
       0
       1
       0
       0
       0
       0
       0
       0
       0
       0
       0
       0
       0
       0
       0
       0
       1
       0
       1
       1
       0
       0
       0
       0
       0
       1
       0
       0
       1
       0
       0
       0
       0
       1
       0
       0
       1
       1
       1
       0
       0
       1
       0
       0
       0
       0
       0
       0
       0
       0
       0
       0
       0
       1
       0
       2
       0
       0
       0
       0
       0
       0
       0
       0
       0
       1
       0
       0
       0
       1
       0
       0
       1
       1
       0
       2
       1
       0
       0
       0
       0
       0
       0
       1
       0
       0
       0
       0
       0
       0
       1
       0
       0
       1
       0
       1
       0
       0
       0
       0
       0
       0
       0
       1
       0
       0
       0
       0
       2
       0
       1
       0
       0
       0
       0
       1
       0
       0
       0
       0
       0
       0
       2
       0
       0
       0
       0
       2
       0
       1
       0
       2
       1
       0
       0
       2
       1
       0
       0
       1
       0
       0
       0
       0
       0
       0
       1
       0
       0
       0
       0
       0
       0
       1
       0
       1
       0
       0
       0
       0
       0
       0
       1
       1
       1
       1
       0
       0
       0
       2
       0
       0
       1
       0
       0
       0
       1
       0
       0
       0
       0
       0
       0
       0
       0
       0
       0
       0
       0
       0
       1
       0
       0
       0
       0
       0
       0
       0
       0
       0
       0
       0
       0
       0
       0
       0
       0
       0
       1
       0
       1
       1
       1
       0
       0
       0
       0
       0
       0
       0
       0
       0
       1
       0
       0
       0
       0
       0
       0
       0
       0
       0
       0
       1
       0
       0
       0
       0
       0
       0
       0
       0
       0
       0
       0
       0
       0
       0
       0
       0
       0
$ROI:
0
$PRESETS:
Live Time
120
0
$ENER_FIT:
0.000000 0.000000
$MCA_CAL:
3
0.000000E+000 0.000000E+000 0.000000E+000 
$SHAPE_CAL:
3
0.000000E+000 0.000000E+000 0.000000E+000
