$SPEC_ID:
test1
$SPEC_REM:
DET# 1
DETDESC# DESKTOP-VMO734U digiBASE SN 56271
AP# Maestro Version 7.01
$DATE_MEA:
06/30/2022 21:19:10
$MEAS_TIM:
119 120
$DATA:
0 1023
       0
       0
       0
       0
       0
       0
       0
       0
      17
      23
      19
      25
      29
      30
      30
      27
      23
      23
      23
      20
      28
      36
      21
      38
      25
      28
      40
      31
      25
      41
      32
      33
      38
      55
      59
      72
      59
      58
      61
      57
      56
      68
      32
      32
      30
      55
      30
      34
      37
      28
      29
      33
      29
      40
      31
      36
      40
      38
      46
      28
      37
      36
      36
      37
      33
      36
      24
      28
      36
      37
      39
      34
      30
      47
      34
      31
      30
      32
      33
      35
      27
      33
      19
      42
      46
      44
      36
      28
      36
      35
      37
      37
      35
      34
      37
      36
      22
      47
      34
      45
      42
      40
      42
      41
      39
      35
      43
      40
      32
      39
      38
      28
      36
      38
      36
      32
      28
      31
      26
      30
      35
      38
      21
      32
      30
      39
      34
      32
      43
      24
      29
      39
      32
      28
      22
      28
      49
      39
      37
      32
      30
      32
      32
      30
      29
      27
      39
      28
      29
      25
      27
      28
      34
      25
      32
      20
      35
      27
      19
      28
      29
      20
      32
      30
      25
      26
      31
      20
      24
      19
      25
      34
      19
      20
      23
      21
      22
      16
      15
      27
      19
      18
      20
      29
      21
      15
      14
      24
      24
      25
      15
      22
      16
      26
      11
      21
      16
      11
      22
      20
      13
      15
      22
      30
      33
      14
      18
      18
      15
      25
      16
      21
      27
      26
      22
      20
      31
      47
      29
      38
      38
      36
      39
      48
      49
      49
      43
      48
      41
      57
      59
      45
      60
      61
      44
      70
      65
      58
      45
      57
      62
      52
      57
      54
      39
      60
      44
      42
      48
      32
      54
      39
      33
      36
      35
      38
      23
      23
      15
      22
      24
      23
      19
      18
      15
      18
      12
      15
      14
       9
      10
      15
       5
      17
      12
       8
       9
      12
      10
       8
       5
       1
       8
       6
       5
       6
       4
       5
       6
       8
       4
       1
       3
       3
       6
      10
       5
       3
       6
       2
       4
       5
       3
       5
       3
       3
       6
       4
       2
       5
       9
       2
      10
      10
       5
       2
      11
       4
       4
       2
       9
       2
       6
       4
       8
       0
       5
       3
       2
       3
       3
       6
       6
       2
       4
       1
       3
       2
       7
       7
       2
       6
       4
       3
       1
       1
       1
       3
       6
       5
       4
       3
       7
       4
       0
       3
       7
       3
       2
       3
       7
       7
       5
       4
       0
       1
       3
       7
       5
       2
       3
       2
       3
       1
       4
       3
       4
       4
      10
       5
       4
       2
       3
       1
       4
       5
       5
       5
       5
       3
       5
       4
       2
       3
       4
       7
       4
       5
       4
       0
       5
       3
       2
       3
       4
       4
       4
       3
       3
       4
       2
       1
       3
       0
       7
       2
       3
       3
       2
       1
       4
       3
       0
       2
       2
       3
       0
       3
       2
       2
       2
       8
       3
       5
       1
       5
       4
       0
       4
       3
       1
       0
       2
       0
       5
       1
       3
       2
       6
       3
       0
       3
       0
       5
       4
       4
       3
       2
       3
       0
       3
       2
       5
       4
       3
       0
       2
       2
       2
       4
       4
       2
       2
       1
       1
       0
       2
       3
       1
       4
       2
       4
       0
       1
       2
       6
       1
       0
       4
       3
       1
       2
       1
       1
       0
       1
       1
       0
       1
       1
       6
       1
       2
       1
       0
       1
       2
       2
       2
       1
       0
       3
       0
       2
       3
       0
       0
       2
       3
       3
       0
       2
       1
       2
       1
       0
       0
       0
       3
       2
       1
       1
       4
       2
       1
       3
       2
       1
       2
       1
       1
       2
       1
       3
       1
       1
       4
       1
       0
       0
       2
       0
       2
       1
       0
       0
       1
       0
       0
       0
       1
       1
       1
       0
       1
       0
       1
       5
       0
       1
       1
       2
       1
       4
       0
       4
       1
       2
       3
       2
       4
       1
       3
       2
       3
       4
       3
       4
       1
       1
       3
       5
       1
       5
       6
       5
       2
       2
       2
       3
       2
       1
       5
       2
       1
       3
       2
       4
       0
       1
       2
       1
       0
       1
       1
       0
       3
       0
       0
       1
       1
       1
       0
       0
       4
       0
       1
       0
       1
       4
       0
       2
       0
       1
       0
       1
       1
       2
       1
       2
       0
       0
       0
       0
       1
       0
       0
       0
       2
       0
       1
       0
       0
       0
       0
       1
       0
       2
       1
       0
       2
       1
       1
       1
       0
       0
       0
       0
       0
       0
       0
       0
       0
       1
       1
       0
       0
       0
       1
       0
       0
       0
       0
       1
       0
       1
       0
       1
       1
       1
       0
       0
       0
       1
       0
       0
       0
       1
       1
       0
       1
       1
       0
       1
       1
       0
       0
       2
       0
       0
       0
       0
       1
       0
       0
       1
       2
       2
       0
       2
       0
       3
       1
       0
       0
       0
       1
       0
       0
       0
       0
       1
       0
       0
       0
       0
       1
       1
       0
       2
       2
       1
       0
       0
       0
       1
       0
       1
       0
       1
       0
       0
       0
       0
       0
       1
       0
       0
       0
       1
       0
       1
       0
       0
       0
       0
       1
       0
       0
       0
       0
       0
       1
       0
       0
       0
       0
       0
       0
       0
       0
       0
       0
       0
       2
       0
       0
       0
       2
       2
       0
       0
       0
       0
       1
       1
       1
       0
       0
       0
       0
       0
       2
       0
       0
       0
       0
       0
       0
       0
       1
       0
       1
       0
       0
       1
       1
       0
       0
       0
       2
       0
       1
       1
       0
       0
       1
       1
       0
       0
       0
       0
       1
       1
       1
       0
       0
       0
       0
       1
       0
       0
       0
       0
       0
       1
       0
       0
       0
       0
       0
       1
       0
       1
       0
       0
       0
       0
       0
       0
       3
       1
       0
       2
       0
       0
       0
       0
       1
       0
       0
       0
       0
       0
       0
       0
       0
       1
       1
       0
       1
       1
       0
       0
       0
       0
       1
       0
       0
       0
       0
       0
       1
       0
       0
       1
       1
       1
       0
       1
       0
       1
       1
       0
       0
       1
       0
       0
       0
       0
       0
       0
       1
       0
       0
       0
       0
       1
       1
       0
       1
       0
       0
       0
       0
       0
       1
       0
       0
       0
       1
       1
       0
       0
       0
       0
       0
       0
       0
       0
       0
       0
       1
       0
       0
       0
       0
       0
       0
       0
       1
       0
       0
       0
       1
       0
       0
       0
       0
       0
       0
       0
       0
       0
       0
       0
       0
       0
       1
       0
       0
       0
       0
       0
       0
       0
       0
       0
       0
       0
       0
       0
       0
       0
       0
       0
       0
       0
       0
       1
       0
       0
       0
       0
       0
       0
       0
       0
       0
       1
       0
       0
       0
       0
       0
       0
       0
       0
       1
       1
       0
       0
       1
       1
       0
       1
       0
       1
       0
       0
       1
       0
       0
       0
$ROI:
0
$PRESETS:
Live Time
120
0
$ENER_FIT:
0.000000 0.000000
$MCA_CAL:
3
0.000000E+000 0.000000E+000 0.000000E+000 
$SHAPE_CAL:
3
0.000000E+000 0.000000E+000 0.000000E+000
