$SPEC_ID:
test1
$SPEC_REM:
DET# 1
DETDESC# DESKTOP-VMO734U digiBASE SN 56271
AP# Maestro Version 7.01
$DATE_MEA:
06/30/2022 20:35:11
$MEAS_TIM:
119 120
$DATA:
0 1023
       0
       0
       0
       0
       0
       0
       0
       3
      16
      31
      26
      31
      23
      30
      35
      22
      34
      31
      49
      38
      34
      32
      25
      44
      47
      40
      51
      32
      50
      57
      42
      46
      72
      70
      74
     109
     110
      78
      83
      62
      81
      63
      43
      43
      45
      51
      44
      30
      54
      41
      49
      55
      50
      39
      41
      45
      39
      51
      51
      48
      48
      39
      42
      39
      37
      49
      44
      37
      35
      57
      38
      58
      51
      47
      56
      49
      59
      50
      45
      45
      50
      70
      54
      56
      47
      55
      39
      39
      46
      39
      40
      47
      57
      46
      41
      45
      56
      43
      44
      51
      59
      49
      51
      55
      41
      42
      37
      48
      42
      60
      48
      43
      46
      46
      49
      49
      57
      51
      43
      53
      44
      42
      56
      37
      44
      47
      40
      52
      38
      47
      47
      44
      51
      37
      42
      44
      40
      44
      48
      37
      46
      53
      41
      48
      30
      49
      34
      49
      39
      42
      47
      50
      41
      40
      38
      46
      25
      39
      29
      34
      41
      23
      28
      39
      41
      30
      35
      37
      39
      32
      31
      28
      34
      32
      29
      29
      28
      36
      35
      22
      27
      24
      36
      17
      19
      22
      25
      28
      30
      39
      32
      17
      10
      23
      30
      18
      18
      23
      30
      29
      17
      21
      23
      35
      25
      33
      28
      26
      18
      29
      30
      18
      27
      26
      39
      43
      33
      29
      39
      45
      37
      37
      24
      62
      38
      51
      51
      49
      59
      72
      64
      70
      65
      70
      70
      82
      84
      76
      77
      81
      92
      74
      77
      73
      76
      88
      87
      86
      58
      88
      59
      71
      50
      60
      61
      40
      46
      42
      30
      36
      30
      41
      26
      26
      22
      29
      17
      21
      19
      27
      20
      17
      14
      15
      12
      12
      12
      14
       9
       8
      11
       3
       9
       8
       8
       7
       6
       4
      12
       7
       6
       2
       8
       6
       4
       5
       4
       6
       5
       3
       7
       8
       7
       6
       5
       3
       5
       5
       5
       2
       2
       4
       3
       4
       3
       2
       4
       1
       4
       6
       3
       3
       5
       6
       4
       3
       5
       5
       2
       5
       3
       5
       4
       4
       4
       1
       3
       5
      10
       5
       8
       5
       5
       8
       2
       2
       9
       4
       7
       6
       0
       2
       4
       5
       2
       4
       4
       4
       2
       1
       4
       2
       2
       1
       3
       3
       4
       6
       4
       5
       2
       5
       5
       6
       3
       3
       1
       3
       5
       2
       5
       0
       4
       1
       2
       2
       4
       3
       7
       2
       3
       3
       2
       2
       6
       3
       3
       1
       3
       3
       1
       0
       3
       7
       6
       2
       2
       4
       1
       4
       2
       1
       0
       1
       1
       2
       2
       0
       1
       3
       0
       2
       1
       3
       5
       2
       4
       2
       1
       3
       4
       2
       1
       2
       2
       3
       5
       3
       3
       2
       3
       3
       2
       3
       5
       3
       2
       3
       0
       2
       0
       3
       6
       1
       2
       4
       2
       3
       4
       1
       3
       2
       3
       3
       0
       3
       2
       1
       4
       3
       1
       2
       1
       4
       1
       1
       3
       2
       4
       1
       2
       1
       3
       3
       4
       2
       1
       1
       4
       0
       4
       2
       1
       2
       1
       1
       2
       3
       3
       1
       0
       2
       3
       3
       3
       0
       1
       2
       2
       1
       2
       1
       0
       1
       2
       1
       1
       2
       0
       1
       2
       2
       2
       1
       1
       1
       3
       1
       2
       1
       0
       1
       2
       1
       0
       0
       6
       2
       0
       1
       2
       1
       1
       0
       2
       2
       1
       2
       2
       0
       1
       0
       0
       1
       2
       0
       0
       0
       2
       1
       1
       1
       1
       2
       4
       0
       3
       3
       3
       1
       2
       4
       2
       3
       2
       0
       6
       1
       1
       6
       5
       3
       1
       4
       4
       2
       1
       3
       2
       2
       1
       2
       2
       2
       3
       6
       1
       3
       2
       4
       3
       1
       0
       5
       1
       1
       2
       1
       4
       3
       2
       1
       2
       0
       2
       0
       3
       3
       2
       1
       1
       0
       1
       2
       0
       1
       2
       0
       0
       0
       1
       0
       0
       0
       1
       1
       0
       2
       1
       3
       1
       1
       0
       0
       0
       1
       0
       0
       0
       1
       1
       2
       0
       0
       1
       2
       0
       0
       0
       1
       0
       0
       3
       1
       0
       0
       0
       0
       1
       1
       1
       0
       1
       0
       0
       0
       1
       0
       0
       1
       1
       0
       1
       1
       1
       0
       2
       1
       0
       3
       0
       0
       2
       0
       1
       1
       0
       0
       0
       0
       1
       0
       0
       0
       1
       1
       1
       0
       1
       0
       2
       2
       0
       1
       0
       0
       0
       0
       1
       1
       0
       1
       1
       1
       0
       0
       0
       1
       0
       0
       1
       0
       0
       0
       0
       1
       0
       0
       0
       1
       0
       0
       1
       0
       0
       1
       0
       0
       0
       1
       1
       0
       1
       0
       1
       1
       0
       0
       0
       0
       0
       0
       0
       0
       0
       1
       0
       0
       1
       1
       0
       0
       0
       0
       1
       1
       0
       0
       1
       0
       0
       0
       0
       0
       1
       0
       0
       0
       0
       1
       0
       0
       0
       0
       1
       0
       0
       0
       1
       1
       1
       0
       0
       0
       1
       0
       1
       0
       1
       0
       0
       1
       0
       0
       1
       0
       0
       0
       1
       0
       0
       0
       0
       1
       0
       0
       0
       1
       0
       0
       0
       0
       0
       1
       0
       0
       0
       0
       0
       0
       2
       0
       0
       0
       0
       2
       0
       1
       1
       0
       1
       0
       1
       0
       0
       1
       1
       0
       0
       0
       0
       0
       1
       1
       1
       2
       1
       1
       0
       1
       1
       0
       1
       0
       0
       0
       0
       0
       0
       1
       0
       0
       0
       0
       2
       2
       0
       0
       0
       1
       0
       0
       0
       0
       0
       1
       0
       0
       1
       0
       2
       0
       0
       1
       0
       1
       0
       0
       0
       0
       1
       1
       0
       0
       0
       2
       0
       0
       0
       1
       1
       0
       1
       0
       0
       1
       0
       1
       0
       0
       0
       0
       0
       2
       0
       0
       1
       0
       0
       0
       0
       1
       0
       0
       0
       1
       1
       0
       0
       0
       0
       1
       1
       0
       0
       0
       0
       0
       1
       0
       0
       0
       0
       0
       0
       0
       0
       0
       0
       0
       0
       0
       0
       1
       0
       0
       0
       0
       0
       1
       1
       0
       0
       0
       0
       0
       0
       1
       0
       0
       0
       0
       1
       0
       0
       0
       1
       0
       0
       0
       0
       0
       0
       1
       1
       1
       0
       0
       0
       0
       0
       0
       1
       3
       0
       0
       0
       0
       0
       1
       0
       1
       0
       0
$ROI:
0
$PRESETS:
Live Time
120
0
$ENER_FIT:
0.000000 0.000000
$MCA_CAL:
3
0.000000E+000 0.000000E+000 0.000000E+000 
$SHAPE_CAL:
3
0.000000E+000 0.000000E+000 0.000000E+000
