$SPEC_ID:
test1
$SPEC_REM:
DET# 1
DETDESC# DESKTOP-VMO734U digiBASE SN 56271
AP# Maestro Version 7.01
$DATE_MEA:
06/30/2022 18:39:35
$MEAS_TIM:
119 120
$DATA:
0 1023
       0
       0
       0
       0
       0
       0
       0
       0
      15
      22
      28
      22
      21
      24
      21
      25
      23
      19
      34
      24
      23
      25
      29
      37
      22
      19
      30
      31
      22
      43
      22
      34
      42
      42
      58
      66
      78
      73
      77
      59
      63
      51
      58
      51
      42
      32
      30
      26
      36
      34
      36
      27
      48
      30
      43
      32
      26
      43
      33
      40
      27
      31
      29
      31
      38
      32
      31
      30
      33
      37
      25
      33
      31
      34
      30
      42
      37
      27
      28
      34
      41
      30
      28
      31
      42
      32
      40
      30
      32
      31
      36
      34
      34
      38
      26
      22
      25
      29
      42
      34
      36
      29
      32
      31
      31
      48
      21
      26
      44
      38
      35
      36
      32
      30
      32
      38
      34
      21
      24
      32
      27
      30
      29
      25
      30
      35
      27
      31
      28
      24
      39
      22
      24
      35
      25
      33
      25
      36
      30
      23
      38
      26
      18
      30
      26
      34
      26
      36
      27
      24
      24
      23
      19
      31
      35
      33
      18
      32
      27
      16
      28
      32
      24
      30
      27
      27
      28
      25
      26
      22
      30
      24
      18
      20
      13
      20
      29
      23
      26
      29
      18
      17
      28
      19
      14
      27
      20
      23
      22
      18
      16
      23
      11
      21
      13
      22
      24
      16
      18
      22
      20
      21
      15
       7
       9
      26
      22
      20
      22
      15
      15
      18
      15
      18
      20
      19
      28
      17
      21
      30
      19
      20
      21
      21
      29
      21
      29
      27
      26
      31
      39
      33
      39
      60
      55
      53
      45
      38
      67
      67
      58
      61
      63
      62
      62
      64
      55
      52
      62
      65
      63
      69
      42
      59
      52
      57
      54
      41
      46
      44
      34
      33
      30
      28
      28
      31
      21
      26
      16
      21
      18
      12
      22
      13
      13
      10
       5
       5
      17
      14
      13
      10
      15
      10
      11
       9
       8
       7
       6
      11
       6
      11
      13
       7
       5
       7
       3
       2
       5
       3
       6
       6
       6
       7
       4
       4
       2
       7
       3
       3
       4
       4
       4
       6
       7
       3
       6
       6
       4
       3
       8
       3
       4
       5
       6
       2
       6
       4
       2
       4
       1
       6
       5
       2
       4
       6
       3
       6
       5
       5
       3
       1
       3
       1
       3
       4
       2
       1
       6
       7
       3
       5
       3
       1
       4
       2
       4
       1
       3
       8
       5
       6
       0
       4
       3
       4
       4
       2
       4
       2
       4
       5
       4
       4
       5
       2
       1
       2
       3
       3
       1
       1
       1
       3
       7
       3
       5
       3
       2
       5
       5
       5
       0
       1
       8
       5
       5
       3
       2
       7
       2
       3
       1
       3
       3
       1
       1
       1
       3
       4
       5
       4
       2
       4
       1
       4
       2
       1
       4
       2
       1
       2
       2
       3
       2
       2
       3
       2
       3
       3
       3
       1
       4
       2
       2
       1
       3
       2
       3
       0
       3
       1
       1
       3
       4
       3
       4
       2
       5
       1
       1
       0
       1
       0
       4
       4
       8
       2
       3
       3
       1
       3
       0
       1
       6
       3
       2
       2
       5
       7
       4
       1
       3
       3
       4
       1
       3
       7
       4
       2
       0
       2
       3
       2
       1
       2
       2
       1
       1
       5
       2
       2
       1
       2
       3
       2
       2
       3
       2
       4
       2
       1
       0
       2
       0
       0
       3
       1
       3
       3
       0
       2
       3
       2
       2
       1
       1
       2
       2
       1
       0
       2
       3
       4
       1
       1
       0
       3
       2
       1
       2
       2
       2
       0
       3
       0
       2
       0
       3
       2
       1
       1
       1
       1
       3
       3
       1
       0
       2
       0
       2
       1
       1
       2
       1
       1
       1
       0
       0
       2
       1
       0
       1
       0
       1
       0
       1
       1
       1
       1
       2
       0
       2
       0
       1
       1
       0
       1
       1
       2
       1
       1
       1
       3
       2
       1
       2
       2
       4
       3
       1
       2
       3
       0
       1
       1
       2
       3
       1
       5
       4
       3
       7
       5
       1
       2
       1
       1
       2
       2
       3
       1
       8
       2
       0
       4
       2
       3
       0
       2
       2
       1
       6
       2
       2
       3
       1
       2
       2
       1
       4
       1
       2
       1
       2
       1
       2
       1
       2
       2
       2
       3
       0
       0
       1
       1
       0
       1
       0
       1
       0
       0
       0
       0
       1
       0
       2
       0
       0
       0
       0
       1
       0
       0
       1
       0
       1
       2
       2
       0
       0
       0
       0
       1
       0
       1
       1
       1
       1
       0
       0
       0
       0
       0
       0
       0
       0
       0
       2
       0
       1
       1
       1
       1
       0
       2
       0
       0
       1
       0
       0
       2
       0
       2
       1
       0
       0
       1
       1
       0
       0
       0
       0
       0
       0
       0
       1
       2
       1
       1
       0
       0
       0
       0
       2
       1
       3
       0
       1
       0
       1
       0
       1
       0
       2
       1
       0
       1
       0
       1
       2
       2
       1
       2
       0
       1
       1
       0
       0
       1
       0
       0
       0
       0
       0
       0
       0
       0
       0
       1
       0
       0
       1
       0
       0
       1
       0
       0
       0
       1
       0
       0
       1
       0
       0
       0
       0
       1
       1
       1
       1
       0
       0
       0
       0
       0
       1
       1
       1
       1
       0
       0
       0
       1
       0
       0
       1
       2
       1
       0
       0
       0
       1
       0
       2
       1
       0
       0
       0
       0
       0
       0
       0
       1
       0
       0
       0
       0
       1
       0
       1
       0
       0
       1
       1
       1
       0
       0
       0
       0
       0
       0
       0
       0
       0
       0
       2
       0
       0
       0
       0
       0
       0
       0
       1
       1
       1
       0
       0
       0
       0
       0
       0
       0
       1
       0
       1
       2
       0
       1
       0
       0
       1
       0
       0
       2
       1
       0
       0
       0
       1
       1
       1
       0
       0
       0
       0
       1
       0
       0
       0
       0
       1
       2
       0
       0
       0
       1
       0
       0
       0
       1
       0
       1
       0
       0
       0
       0
       0
       1
       0
       0
       0
       1
       0
       0
       1
       1
       0
       1
       0
       1
       1
       0
       1
       0
       1
       1
       0
       0
       0
       0
       0
       0
       0
       0
       1
       0
       0
       0
       0
       0
       1
       0
       0
       0
       0
       1
       0
       1
       0
       0
       0
       0
       2
       1
       0
       1
       0
       0
       0
       0
       0
       0
       0
       1
       0
       0
       1
       0
       0
       1
       0
       2
       0
       0
       1
       0
       0
       0
       0
       0
       0
       0
       0
       1
       0
       1
       0
       1
       0
       0
       0
       0
       0
       0
       0
       0
       0
       0
       0
       0
       0
       0
       0
       0
       1
       0
       1
       1
       0
       0
       0
       0
       1
       0
       0
       0
       0
       0
       0
       0
       0
       0
       0
       0
       0
       0
       0
       0
       0
       0
       0
       0
$ROI:
0
$PRESETS:
Live Time
120
0
$ENER_FIT:
0.000000 0.000000
$MCA_CAL:
3
0.000000E+000 0.000000E+000 0.000000E+000 
$SHAPE_CAL:
3
0.000000E+000 0.000000E+000 0.000000E+000
