$SPEC_ID:
test1
$SPEC_REM:
DET# 1
DETDESC# DESKTOP-VMO734U digiBASE SN 56271
AP# Maestro Version 7.01
$DATE_MEA:
06/30/2022 18:42:58
$MEAS_TIM:
119 120
$DATA:
0 1023
       0
       0
       0
       0
       0
       0
       0
       1
       8
      20
      10
      16
      11
       9
      16
      11
      13
      12
      13
      12
       9
      19
      19
      10
       8
      13
      21
      21
      17
      12
      19
      21
      25
      28
      39
      36
      37
      43
      37
      42
      41
      28
      22
      31
      31
      23
      19
      19
      19
      15
      19
      14
      13
      16
      12
      16
      14
      22
      25
      23
      17
      14
      12
      20
      10
      17
      18
      18
      18
      22
      16
      14
      19
      17
      15
      16
      16
      15
      21
      15
      13
      19
      10
      11
      13
      16
      14
      18
      18
      22
      20
      13
      13
      12
      17
      20
      10
      15
      10
      12
      20
      19
      17
      17
      13
      24
      16
      11
      13
      14
      19
      16
      13
      19
      12
      17
      15
      19
      19
      14
      16
      16
      21
      15
      12
      17
      15
      19
      10
      15
      12
      13
      13
      11
      27
      17
      11
      16
      21
      26
      14
      19
      17
      11
      15
      17
      12
      22
      23
      19
      16
      21
      18
      13
      13
      16
      21
      16
      18
      10
      17
      15
      17
      11
      20
      16
       9
      16
      21
      16
      10
      17
      19
      14
      10
       4
      16
       7
      14
      17
      16
      18
      13
      18
      10
       9
      13
      18
      10
      14
      13
      13
      20
      11
      12
      16
      13
      14
      13
      11
      16
       6
      11
      12
      12
      10
      12
      12
      15
       7
      19
      15
      18
      16
      14
       9
      14
      15
      13
      13
       9
      17
      10
       8
      15
       8
      22
      11
      16
      11
      13
      14
      14
      16
      15
       9
      11
      11
      17
       8
      12
      17
      11
      14
      13
      18
      15
      15
      13
      16
      19
      15
      11
      18
      19
      13
      11
      18
      14
      18
      13
      21
      15
      18
      24
      18
      19
      17
      18
      20
      13
      14
      16
      14
       9
       5
       9
      14
      11
       9
      13
      10
       7
       7
       3
       3
       6
       8
       7
       5
      11
       4
       2
       7
       4
       3
       9
       5
       3
       4
       8
       4
       9
       5
       3
       3
       5
       1
       4
       6
       6
       6
       1
       5
       9
       2
       4
       6
       4
       1
       2
       1
       7
       2
       2
       4
       7
       5
       4
       6
       0
       4
       3
       4
       3
       6
       4
       6
       2
       6
       9
       3
       5
       3
       6
       2
       3
       4
       7
       8
       2
       2
       3
       4
       5
       2
       3
       3
       2
       3
       6
       2
       1
       3
       5
       2
       2
       3
       1
       3
       3
       2
       3
       2
       8
       3
       7
       2
       7
       3
       2
       4
       4
       3
       2
       3
       3
       4
       3
       3
       6
       3
       3
       4
       4
       2
       4
       3
       2
       2
       1
       3
       2
       5
       1
       5
       2
       2
       3
       7
       2
       3
       1
       4
       2
       0
       2
       4
       1
       5
       3
       3
       2
       5
       1
       4
       4
       2
       2
       5
       6
       1
       4
       5
       0
       3
       4
       2
       5
       2
       3
       1
       0
       2
       3
       2
       1
       4
       4
       2
       4
       1
       2
       1
       3
       1
       0
       4
       2
       0
       1
       1
       2
       2
       6
       4
       3
       3
       4
       3
       4
       4
       4
       0
       3
       6
       3
       4
       0
       2
       7
       1
       1
       0
       0
       3
       3
       0
       3
       5
       4
       3
       1
       2
       3
       2
       0
       2
       2
       2
       1
       4
       1
       3
       2
       3
       1
       2
       2
       2
       3
       2
       4
       1
       0
       2
       0
       4
       5
       0
       2
       1
       0
       1
       3
       0
       0
       3
       2
       1
       6
       1
       2
       0
       1
       1
       2
       1
       2
       2
       1
       2
       3
       1
       0
       1
       1
       2
       0
       3
       1
       1
       1
       0
       1
       1
       1
       0
       1
       0
       2
       1
       2
       3
       2
       2
       1
       1
       2
       1
       0
       2
       1
       0
       1
       4
       0
       0
       1
       2
       0
       1
       2
       1
       2
       1
       0
       1
       0
       2
       1
       1
       3
       2
       3
       4
       3
       3
       1
       4
       2
       2
       5
       2
       4
       1
       3
       5
       2
       7
       1
       2
       0
       5
       2
       5
       1
       3
       5
       2
       2
       2
       0
       1
       3
       3
       3
       0
       1
       1
       0
       3
       2
       0
       2
       1
       2
       0
       2
       2
       1
       3
       2
       3
       1
       2
       1
       0
       1
       0
       0
       1
       3
       1
       2
       0
       0
       0
       2
       0
       0
       0
       2
       0
       0
       0
       1
       1
       0
       0
       1
       1
       1
       1
       1
       2
       0
       1
       1
       1
       0
       0
       0
       0
       1
       0
       1
       1
       0
       0
       0
       0
       0
       0
       0
       0
       1
       1
       0
       1
       0
       0
       0
       0
       1
       0
       1
       1
       1
       0
       1
       2
       0
       1
       0
       0
       0
       1
       0
       0
       0
       1
       1
       1
       0
       0
       0
       0
       0
       1
       1
       0
       2
       0
       2
       0
       2
       1
       0
       0
       1
       1
       0
       2
       0
       0
       1
       0
       2
       0
       1
       0
       0
       0
       0
       0
       1
       2
       1
       0
       0
       0
       0
       1
       0
       0
       1
       0
       0
       0
       0
       0
       0
       0
       0
       0
       0
       1
       0
       0
       1
       0
       1
       1
       1
       1
       0
       1
       1
       0
       0
       0
       0
       1
       0
       0
       2
       0
       0
       1
       0
       1
       0
       0
       0
       0
       0
       0
       0
       2
       0
       0
       0
       0
       0
       0
       0
       0
       2
       0
       0
       0
       0
       0
       1
       1
       1
       0
       0
       0
       0
       2
       0
       1
       0
       1
       0
       0
       0
       0
       0
       0
       1
       1
       0
       0
       0
       1
       0
       0
       1
       0
       0
       0
       0
       0
       0
       0
       0
       1
       1
       0
       0
       1
       0
       0
       0
       1
       0
       1
       0
       2
       0
       0
       0
       0
       0
       0
       0
       1
       1
       1
       1
       0
       0
       1
       0
       0
       0
       0
       0
       0
       0
       0
       1
       0
       1
       0
       0
       0
       1
       0
       0
       0
       1
       0
       0
       0
       0
       0
       0
       0
       0
       2
       0
       0
       0
       1
       0
       0
       0
       1
       0
       0
       2
       0
       0
       0
       0
       0
       1
       0
       0
       0
       0
       0
       0
       0
       0
       0
       0
       1
       0
       0
       2
       0
       0
       0
       0
       0
       0
       0
       0
       0
       0
       0
       0
       1
       0
       1
       0
       1
       0
       0
       0
       1
       0
       1
       0
       1
       0
       1
       0
       0
       0
       0
       0
       0
       1
       0
       0
       0
       0
       0
       0
       0
       0
       0
       0
       0
       1
       0
       0
       0
       0
       0
       0
       1
       0
       0
       0
       0
       0
       0
       0
       0
       0
       0
       0
       0
       0
       0
       0
       1
       0
       0
       0
       0
       0
       0
       0
       0
       0
       0
$ROI:
0
$PRESETS:
Live Time
120
0
$ENER_FIT:
0.000000 0.000000
$MCA_CAL:
3
0.000000E+000 0.000000E+000 0.000000E+000 
$SHAPE_CAL:
3
0.000000E+000 0.000000E+000 0.000000E+000
