$SPEC_ID:
test1
$SPEC_REM:
DET# 1
DETDESC# DESKTOP-VMO734U digiBASE SN 56271
AP# Maestro Version 7.01
$DATE_MEA:
06/30/2022 18:46:39
$MEAS_TIM:
119 120
$DATA:
0 1023
       0
       0
       0
       0
       0
       0
       0
       0
      12
      15
       9
      15
      11
      10
      15
      12
       6
      10
      12
      12
      12
      10
      10
      13
      15
      19
      18
      14
      16
      12
      14
      17
      23
      14
      31
      45
      41
      35
      35
      36
      30
      25
      22
      23
      14
      26
      20
      14
      12
      16
      21
      18
      10
      14
      12
      11
      13
      14
      17
      13
       7
      15
      21
      15
      11
      21
      17
      16
      20
      15
      17
      20
      11
      10
      14
      12
      13
      10
      13
      16
      12
      18
      11
      20
      18
      21
      17
      16
      15
      12
      11
      12
      11
      16
      13
      18
      14
      17
      23
      20
      21
       9
      12
      20
      17
      15
       9
      14
       9
      15
      15
      16
       9
      16
      21
      20
      12
      12
      11
      15
       9
      21
      16
      13
      12
      11
      17
      17
      17
      16
      17
      20
      12
      15
       9
      13
      17
      13
      17
       9
      18
      11
      11
      19
      17
      16
      18
       9
       9
      18
      16
      14
      11
      11
      15
      22
      20
      22
      16
      10
      13
      14
      14
      15
      19
      13
      15
      13
      14
      14
      12
      15
      12
      14
      14
      10
      20
      12
       8
      16
      17
       9
      11
      17
      12
       9
      10
      12
      13
       9
      12
      12
      12
      10
       9
      11
      11
      11
       9
      17
       4
       7
      11
      10
       9
       7
       8
      13
       9
      11
      11
       6
       7
      11
      12
      11
      10
      14
      15
      13
      21
      11
      12
      14
      15
      15
      11
      10
       8
      16
       8
       7
      10
      10
      20
      11
      10
      14
      11
      12
      17
      13
      10
       7
      10
      12
      15
      15
      11
      14
      10
      12
       8
      18
      16
      12
      12
      17
      11
      12
      10
      11
      13
      14
      19
       7
       6
      10
      10
       8
       9
       8
      16
       1
       6
       8
       7
      15
       6
       7
       4
       5
       4
       7
       5
       6
       4
      10
       4
       4
       6
       3
       3
       3
       8
      13
       0
       3
       2
       6
       7
       4
       2
       6
       3
       8
       1
       3
       2
       5
       5
       1
       8
       7
       2
       3
       7
       7
       5
       3
       8
       4
       3
       5
       3
       3
       3
       4
       4
       5
       2
       2
       5
       2
       4
       4
       6
       6
       4
       5
       5
       3
       5
       3
       3
       2
       6
       6
       4
       0
       1
       2
       5
       2
       3
       2
       6
       2
       3
       4
       3
       2
       4
       3
       6
       6
       7
       6
       8
       4
       1
       6
       1
       0
       4
       4
       6
       2
       5
       2
       6
       7
       2
       2
       5
       7
       3
       4
       7
       7
       0
       2
       9
       7
       3
       5
       2
       4
       5
       1
       2
       2
       3
       3
       6
       3
       5
       1
       4
       1
       3
       2
       3
       2
       2
       2
       3
       2
       2
       2
       1
       5
       8
       4
       0
       3
       3
       4
       2
       4
       2
       5
       3
       0
       3
       2
       3
       8
       2
       0
       4
       2
       2
       2
       1
       1
       2
       2
       2
       4
       1
       1
       0
       5
       1
       3
       2
       5
       3
       2
       1
       0
       1
       5
       3
       2
       5
       4
       1
       1
       3
       2
       4
       4
       3
       2
       3
       4
       2
       0
       1
       2
       2
       1
       2
       2
       1
       3
       5
       0
       2
       1
       2
       1
       1
       3
       5
       2
       2
       2
       3
       3
       3
       1
       4
       0
       3
       5
       2
       1
       3
       3
       2
       2
       1
       1
       1
       1
       2
       4
       2
       0
       3
       5
       2
       2
       3
       2
       2
       1
       1
       2
       1
       0
       3
       1
       0
       0
       0
       4
       1
       1
       2
       0
       0
       1
       0
       4
       3
       0
       2
       2
       1
       1
       1
       1
       3
       1
       3
       4
       0
       1
       1
       1
       1
       0
       0
       1
       1
       3
       1
       1
       2
       1
       2
       5
       0
       1
       0
       2
       2
       2
       4
       1
       2
       1
       4
       2
       2
       3
       2
       1
       2
       2
       5
       0
       1
       3
       4
       1
       1
       2
       4
       2
       1
       0
       4
       3
       5
       4
       3
       1
       2
       4
       1
       4
       2
       5
       4
       2
       3
       3
       4
       4
       2
       2
       2
       0
       1
       3
       3
       3
       2
       3
       2
       2
       2
       2
       2
       0
       1
       4
       0
       4
       0
       2
       1
       2
       1
       2
       0
       0
       1
       1
       2
       1
       0
       2
       0
       1
       1
       1
       1
       0
       0
       1
       1
       1
       0
       0
       2
       2
       2
       0
       1
       0
       2
       2
       1
       0
       1
       0
       1
       0
       1
       1
       1
       1
       0
       0
       1
       1
       0
       1
       0
       0
       0
       0
       1
       0
       1
       0
       2
       0
       0
       0
       0
       1
       0
       0
       0
       0
       1
       1
       0
       0
       0
       1
       0
       0
       0
       0
       0
       0
       1
       0
       0
       2
       0
       1
       0
       0
       0
       0
       0
       0
       0
       1
       2
       2
       0
       2
       0
       0
       0
       0
       1
       1
       1
       0
       1
       0
       0
       0
       0
       1
       0
       1
       0
       1
       0
       1
       1
       0
       0
       1
       1
       1
       0
       1
       1
       1
       0
       0
       0
       0
       0
       0
       1
       4
       0
       0
       0
       0
       0
       0
       0
       0
       0
       0
       1
       0
       0
       1
       0
       0
       0
       0
       0
       0
       1
       0
       0
       2
       0
       0
       0
       0
       0
       1
       1
       0
       0
       0
       0
       0
       0
       2
       0
       0
       0
       0
       0
       0
       0
       1
       0
       1
       1
       0
       1
       0
       0
       1
       0
       0
       1
       1
       1
       0
       0
       0
       0
       1
       0
       0
       0
       0
       0
       0
       0
       1
       0
       0
       0
       0
       0
       1
       1
       1
       1
       0
       0
       0
       0
       0
       1
       0
       1
       1
       0
       0
       0
       0
       0
       1
       0
       1
       0
       0
       0
       0
       0
       1
       0
       0
       2
       0
       0
       0
       0
       0
       0
       0
       0
       1
       0
       0
       0
       0
       1
       0
       1
       0
       0
       0
       0
       0
       1
       0
       1
       0
       1
       0
       1
       2
       0
       0
       1
       0
       0
       0
       0
       0
       0
       1
       0
       0
       0
       0
       1
       0
       0
       0
       0
       0
       0
       1
       0
       1
       0
       1
       0
       0
       1
       0
       1
       1
       0
       0
       0
       0
       1
       0
       0
       0
       0
       0
       0
       0
       0
       0
       0
       0
       0
       0
       0
       0
       1
       0
       1
       0
       0
       1
       0
       0
       1
       0
       0
       0
       0
       0
       1
       0
       0
       0
       0
       0
       0
       1
       0
       0
       0
       0
       0
       0
       1
       0
       0
       1
       0
       0
       0
       1
       0
       0
       0
       0
       0
       0
       0
       0
       0
       0
       0
       0
       0
       1
       1
       0
       1
       1
       1
       1
$ROI:
0
$PRESETS:
Live Time
120
0
$ENER_FIT:
0.000000 0.000000
$MCA_CAL:
3
0.000000E+000 0.000000E+000 0.000000E+000 
$SHAPE_CAL:
3
0.000000E+000 0.000000E+000 0.000000E+000
