$SPEC_ID:
test1
$SPEC_REM:
DET# 1
DETDESC# DESKTOP-VMO734U digiBASE SN 56271
AP# Maestro Version 7.01
$DATE_MEA:
06/30/2022 21:15:57
$MEAS_TIM:
119 120
$DATA:
0 1023
       0
       0
       0
       0
       0
       0
       0
       0
      12
      21
      24
      17
      24
      24
      23
      20
      31
      23
      30
      21
      18
      23
      26
      27
      26
      36
      30
      27
      29
      28
      34
      34
      48
      54
      82
      60
      56
      68
      58
      62
      59
      51
      44
      36
      32
      34
      27
      29
      24
      24
      26
      37
      27
      36
      33
      30
      33
      28
      36
      35
      27
      26
      31
      31
      28
      39
      33
      40
      26
      29
      31
      28
      29
      27
      27
      24
      37
      36
      30
      28
      40
      29
      28
      39
      27
      29
      36
      34
      26
      27
      34
      30
      34
      37
      38
      35
      26
      39
      26
      31
      32
      22
      35
      33
      30
      40
      22
      35
      19
      34
      21
      33
      43
      37
      29
      30
      35
      35
      31
      39
      32
      28
      29
      28
      30
      29
      40
      26
      38
      29
      31
      29
      31
      39
      27
      25
      19
      32
      26
      20
      30
      19
      25
      24
      29
      29
      23
      22
      31
      15
      25
      19
      32
      25
      19
      25
      18
      19
      29
      19
      18
      23
      20
      24
      21
      22
      22
      22
      21
      26
      17
      20
      19
      27
      14
      19
      26
      13
       6
      25
      20
      28
      26
      21
      20
      11
      18
      24
      17
      26
      16
      25
      24
      16
      34
      24
      26
      26
      26
      38
      36
      41
      37
      37
      45
      32
      42
      42
      49
      40
      53
      57
      38
      53
      60
      53
      54
      51
      53
      36
      42
      31
      40
      53
      38
      40
      38
      45
      38
      32
      32
      20
      19
      26
      27
      19
      24
      22
      23
      18
      17
      18
      19
      20
      14
      16
       9
      11
      15
      16
      13
      11
       8
      13
      16
      12
      17
      14
      14
      15
      13
       9
      11
       9
       5
       4
       9
      12
       8
      12
       7
       3
       8
      11
       5
       8
       7
       3
       9
      10
       4
       3
       8
       6
      13
       9
       7
       4
       6
       2
       8
       4
       7
       2
       6
       6
       3
       4
       2
       6
       2
       2
       4
       3
       0
       6
       7
       6
       3
       7
       3
       7
       3
       5
       3
       8
       5
       4
       7
       4
       4
       5
       4
       9
       1
       3
       3
       3
       4
       4
       5
       4
       4
       3
       6
       4
       3
       5
       1
       3
       1
       4
       5
       6
       5
       3
       6
       6
       3
       4
       9
       3
       1
       6
       5
       2
       4
       5
       8
       6
       2
       1
       4
       0
       2
       1
       4
       2
       3
       5
       0
       2
       2
       7
       7
       3
       1
       4
       5
       2
       3
       1
       1
       5
       1
       5
       6
       4
       5
       8
       7
       1
       2
       2
       5
       3
       1
       1
       7
       2
       5
       2
       0
       3
       1
       1
       3
       4
       4
       1
       2
       7
       2
       4
       4
       0
       1
       1
       3
       1
       2
       4
       0
       3
       1
       1
       2
       1
       1
       3
       3
       3
       2
       5
       2
       1
       2
       2
       2
       3
       3
       0
       3
       3
       0
       4
       4
       0
       1
       3
       4
       2
       2
       2
       2
       5
       0
       2
       2
       3
       1
       4
       4
       0
       2
       3
       2
       5
       4
       1
       1
       4
       1
       5
       1
       1
       0
       2
       0
       2
       3
       1
       5
       2
       2
       2
       0
       3
       1
       3
       2
       6
       0
       2
       1
       3
       1
       2
       1
       3
       1
       3
       3
       1
       2
       2
       1
       0
       2
       0
       1
       1
       2
       0
       1
       3
       3
       0
       2
       2
       1
       1
       4
       1
       0
       1
       0
       0
       1
       2
       0
       2
       1
       3
       2
       1
       2
       4
       1
       0
       1
       0
       1
       1
       1
       1
       2
       2
       1
       1
       0
       0
       0
       1
       3
       0
       1
       0
       1
       1
       1
       1
       0
       4
       2
       0
       2
       2
       1
       2
       0
       0
       1
       1
       4
       4
       5
       3
       5
       1
       4
       3
       2
       3
       3
       3
       3
       1
       3
       3
       2
       1
       4
       2
       2
       2
       1
       2
       0
       1
       3
       1
       2
       1
       2
       0
       2
       1
       0
       2
       2
       1
       1
       0
       0
       0
       0
       0
       2
       0
       1
       0
       0
       0
       0
       0
       1
       0
       0
       1
       0
       1
       2
       2
       0
       3
       3
       1
       1
       0
       0
       1
       0
       1
       0
       1
       1
       0
       0
       1
       0
       1
       0
       0
       0
       0
       1
       0
       0
       2
       0
       0
       0
       0
       1
       0
       0
       0
       0
       0
       1
       0
       0
       2
       0
       1
       1
       0
       0
       1
       1
       0
       2
       1
       1
       0
       0
       0
       1
       1
       2
       0
       1
       0
       0
       0
       1
       1
       0
       0
       0
       0
       0
       0
       0
       1
       0
       1
       0
       0
       0
       1
       0
       1
       0
       0
       1
       0
       0
       0
       2
       0
       0
       0
       0
       0
       0
       1
       1
       0
       0
       0
       0
       0
       0
       0
       0
       0
       0
       0
       0
       1
       0
       0
       0
       1
       1
       0
       1
       0
       0
       0
       0
       0
       0
       0
       0
       0
       0
       2
       0
       0
       1
       1
       0
       0
       1
       0
       0
       0
       1
       0
       0
       0
       0
       0
       0
       0
       1
       0
       0
       0
       0
       0
       2
       0
       0
       0
       0
       1
       2
       0
       1
       1
       0
       0
       0
       0
       0
       0
       0
       0
       0
       1
       0
       2
       1
       1
       0
       0
       0
       0
       0
       1
       0
       0
       0
       0
       1
       1
       0
       0
       0
       1
       0
       0
       0
       0
       0
       0
       0
       1
       0
       0
       0
       0
       1
       0
       0
       0
       0
       1
       1
       0
       0
       1
       0
       1
       3
       0
       0
       0
       0
       0
       2
       0
       0
       3
       0
       0
       0
       1
       0
       1
       1
       0
       1
       0
       0
       0
       0
       0
       2
       0
       0
       0
       3
       0
       0
       0
       0
       0
       0
       1
       0
       0
       1
       1
       0
       1
       0
       0
       0
       0
       1
       1
       0
       0
       1
       0
       1
       0
       0
       0
       0
       0
       0
       1
       0
       0
       0
       0
       1
       0
       1
       0
       0
       0
       3
       0
       0
       0
       0
       0
       0
       0
       1
       0
       0
       0
       0
       0
       0
       0
       0
       0
       0
       0
       0
       0
       0
       1
       0
       0
       1
       0
       0
       0
       0
       0
       0
       0
       0
       0
       0
       0
       0
       0
       0
       0
       0
       0
       0
       0
       0
       0
       0
       0
       0
       0
       0
       0
       0
       0
       0
       0
       0
       0
       0
       0
       1
       1
       0
       0
       0
       0
       0
       0
       1
       0
       0
       0
       0
       0
       0
       0
       0
       0
       0
       0
       0
       0
       1
       0
       1
       0
       0
       1
       0
       0
       1
       1
       1
       0
       0
       0
       0
       0
       0
       1
       1
       0
       0
       0
$ROI:
0
$PRESETS:
Live Time
120
0
$ENER_FIT:
0.000000 0.000000
$MCA_CAL:
3
0.000000E+000 0.000000E+000 0.000000E+000 
$SHAPE_CAL:
3
0.000000E+000 0.000000E+000 0.000000E+000
