$SPEC_ID:
test1
$SPEC_REM:
DET# 1
DETDESC# DESKTOP-VMO734U digiBASE SN 56271
AP# Maestro Version 7.01
$DATE_MEA:
06/30/2022 18:51:53
$MEAS_TIM:
119 120
$DATA:
0 1023
       0
       0
       0
       0
       0
       0
       0
       0
      11
      21
      33
      22
      22
      21
      22
      20
      31
      25
      19
      26
      22
      28
      27
      19
      21
      20
      25
      27
      25
      26
      28
      34
      29
      49
      46
      64
      71
      77
      65
      68
      36
      63
      51
      51
      42
      36
      40
      29
      34
      37
      25
      29
      29
      34
      27
      35
      33
      26
      33
      33
      28
      41
      38
      40
      29
      30
      21
      31
      22
      20
      34
      36
      31
      27
      31
      31
      33
      28
      32
      25
      30
      39
      32
      28
      39
      31
      35
      36
      34
      29
      33
      32
      24
      30
      26
      22
      42
      40
      37
      36
      36
      19
      28
      27
      22
      31
      29
      27
      29
      31
      28
      31
      17
      30
      25
      25
      35
      22
      28
      27
      31
      21
      31
      26
      32
      27
      22
      28
      32
      29
      23
      27
      31
      22
      34
      30
      25
      33
      31
      27
      24
      15
      29
      28
      21
      30
      30
      19
      29
      21
      22
      27
      19
      40
      27
      15
      31
      17
      19
      21
      28
      17
      24
      25
      22
       8
      24
      25
      17
      21
      22
      19
      26
      15
      25
      15
      20
      25
      19
      14
      19
      20
      21
      35
      17
      14
      15
      14
      16
      15
      20
      11
      16
      19
      18
      22
      24
      14
      29
      23
      25
      24
      21
      24
      27
      28
      32
      29
      30
      40
      44
      49
      41
      48
      52
      49
      43
      37
      60
      49
      73
      46
      55
      59
      57
      60
      48
      35
      45
      48
      54
      33
      37
      39
      31
      35
      33
      34
      26
      18
      29
      20
      16
      24
      15
      20
      12
      15
      19
      16
      11
      15
      12
      11
      13
      17
      17
      18
      11
      12
      10
      11
      10
      17
      16
      10
       9
      13
      12
       5
       9
       5
       6
       5
       8
       7
       6
       6
       7
       4
       8
       6
      12
       5
       5
       6
       7
       9
       5
       4
       8
       3
       8
       2
       5
       4
       6
       4
       6
       7
       5
       6
       5
       6
       1
       4
       4
       2
       3
       6
       3
       7
       7
       4
       7
       7
       7
       5
       7
       5
       4
       4
       7
       3
       8
       4
       7
       4
       2
       3
       4
       3
       5
       2
       4
       2
       4
       2
       4
       4
       4
       3
       2
       1
       4
       7
       5
       7
       4
       6
       2
       5
       0
       5
       0
       5
       2
       6
       2
       4
       1
       6
       1
       2
       5
       5
       6
       1
       6
       6
       2
       6
       1
       6
       3
       4
       2
       4
       1
       4
       5
       1
       1
       0
       1
       5
       2
       1
       0
       6
       5
       2
       5
       4
       4
       5
       1
       4
       5
       3
       4
       4
       1
       8
       3
       2
       8
       6
       0
       4
       6
       4
       2
       2
       4
       4
       8
       2
       1
       1
       5
       0
       0
       1
       1
       0
       2
       2
       3
       3
       2
       4
       4
       2
       2
       2
       1
       1
       6
       1
       3
       2
       4
       2
       0
       2
       0
       2
       4
       2
       0
       3
       5
       2
       5
       4
       4
       4
       1
       3
       2
       2
       3
       1
       4
       4
       3
       1
       2
       3
       4
       2
       4
       2
       2
       2
       5
       4
       6
       6
       7
       1
       2
       4
       2
       1
       3
       2
       3
       3
       1
       4
       4
       3
       2
       4
       3
       4
       0
       1
       3
       4
       2
       0
       2
       1
       2
       3
       2
       4
       2
       3
       2
       4
       1
       2
       4
       1
       0
       2
       2
       0
       1
       3
       1
       2
       1
       1
       1
       2
       0
       1
       1
       3
       1
       0
       0
       5
       1
       1
       0
       3
       0
       0
       3
       2
       0
       0
       1
       0
       1
       1
       0
       2
       0
       0
       1
       2
       1
       1
       0
       2
       1
       3
       1
       2
       0
       1
       3
       4
       1
       2
       2
       5
       3
       0
       1
       3
       0
       0
       0
       0
       0
       3
       2
       0
       3
       4
       1
       2
       1
       2
       4
       4
       0
       1
       3
       2
       3
       2
       1
       3
       5
       4
       2
       2
       2
       6
       4
       2
       4
       2
       2
       2
       5
       2
       2
       4
       2
       2
       1
       2
       3
       1
       1
       1
       1
       0
       0
       1
       3
       1
       2
       1
       0
       3
       0
       0
       0
       0
       0
       0
       1
       3
       0
       1
       0
       1
       0
       0
       1
       1
       2
       1
       1
       2
       0
       2
       0
       0
       1
       2
       0
       0
       0
       1
       1
       0
       0
       0
       1
       0
       1
       1
       2
       0
       0
       1
       1
       0
       2
       0
       1
       1
       0
       1
       0
       0
       0
       1
       0
       0
       2
       0
       0
       0
       1
       1
       2
       0
       2
       1
       0
       1
       0
       3
       0
       0
       0
       0
       0
       1
       0
       0
       0
       1
       0
       2
       0
       0
       1
       0
       0
       2
       1
       0
       0
       0
       1
       1
       1
       1
       0
       1
       0
       0
       0
       0
       2
       1
       1
       1
       0
       0
       0
       2
       0
       0
       0
       2
       0
       0
       0
       1
       0
       0
       0
       0
       0
       1
       0
       0
       0
       1
       0
       0
       1
       0
       2
       1
       1
       0
       0
       0
       0
       0
       1
       0
       0
       1
       0
       0
       1
       0
       0
       1
       0
       1
       0
       2
       0
       0
       1
       0
       1
       0
       0
       0
       0
       1
       1
       0
       1
       0
       0
       0
       0
       0
       1
       0
       1
       0
       0
       1
       0
       0
       0
       1
       0
       0
       0
       0
       0
       0
       0
       0
       0
       0
       1
       0
       0
       0
       0
       1
       0
       1
       0
       0
       0
       0
       0
       1
       1
       2
       0
       0
       0
       0
       0
       0
       0
       0
       0
       2
       0
       0
       0
       0
       1
       0
       1
       0
       0
       0
       0
       0
       0
       0
       1
       0
       0
       0
       2
       1
       0
       0
       0
       0
       0
       0
       0
       0
       0
       0
       0
       0
       0
       1
       0
       1
       0
       0
       0
       0
       4
       1
       2
       0
       0
       0
       0
       0
       1
       0
       0
       0
       0
       0
       0
       1
       0
       0
       0
       1
       1
       0
       1
       1
       0
       0
       2
       1
       0
       0
       0
       0
       0
       0
       0
       0
       0
       2
       3
       0
       0
       0
       0
       0
       0
       0
       0
       0
       1
       1
       0
       0
       0
       1
       0
       0
       0
       0
       1
       0
       0
       0
       0
       2
       0
       0
       0
       0
       2
       1
       0
       0
       0
       0
       0
       0
       0
       0
       0
       0
       0
       0
       0
       1
       0
       0
       0
       0
       0
       1
       0
       0
       0
       0
       1
       0
       0
       0
       0
       0
       1
       0
       0
       0
       0
       0
       0
       0
       0
       0
       0
       0
       0
       1
       0
       0
       0
       0
       0
       0
       0
       0
       0
       0
       0
       0
       0
       0
       0
       0
$ROI:
0
$PRESETS:
Live Time
120
0
$ENER_FIT:
0.000000 0.000000
$MCA_CAL:
3
0.000000E+000 0.000000E+000 0.000000E+000 
$SHAPE_CAL:
3
0.000000E+000 0.000000E+000 0.000000E+000
