$SPEC_ID:
test1
$SPEC_REM:
DET# 1
DETDESC# DESKTOP-VMO734U digiBASE SN 56271
AP# Maestro Version 7.01
$DATE_MEA:
06/30/2022 20:42:40
$MEAS_TIM:
119 120
$DATA:
0 1023
       0
       0
       0
       0
       0
       0
       0
       1
      18
      29
      29
      31
      26
      29
      33
      28
      23
      38
      26
      28
      34
      42
      39
      32
      33
      36
      26
      40
      40
      33
      46
      47
      62
      65
      75
      88
      89
      77
      63
      63
      70
      60
      46
      38
      30
      41
      40
      41
      27
      40
      43
      49
      40
      44
      35
      49
      42
      42
      37
      42
      36
      31
      38
      41
      42
      32
      33
      37
      36
      38
      47
      49
      37
      37
      44
      50
      38
      49
      47
      55
      50
      48
      43
      49
      50
      46
      44
      49
      39
      65
      48
      49
      45
      38
      48
      55
      42
      39
      31
      42
      34
      44
      41
      41
      41
      32
      47
      38
      46
      44
      42
      34
      36
      38
      41
      40
      47
      43
      49
      32
      30
      38
      35
      43
      38
      46
      36
      41
      21
      44
      29
      46
      44
      29
      36
      33
      38
      29
      39
      31
      46
      44
      38
      35
      32
      22
      37
      25
      39
      29
      28
      20
      36
      28
      29
      31
      33
      32
      23
      37
      22
      19
      26
      27
      19
      27
      25
      28
      20
      29
      25
      22
      27
      22
      25
      34
      28
      33
      26
      35
      29
      28
      27
      27
      31
      34
      22
      31
      23
      38
      38
      34
      18
      27
      33
      30
      34
      38
      32
      37
      36
      47
      38
      52
      52
      49
      57
      46
      56
      63
      70
      75
      64
      78
      75
      65
      65
      64
      79
      72
      65
      60
      73
      71
      60
      61
      63
      55
      59
      47
      50
      52
      40
      38
      31
      39
      26
      32
      24
      20
      32
      30
      24
      20
      23
      20
      26
      21
      12
      16
      16
      17
      14
      19
      16
      14
      16
      12
      16
       9
      10
      20
       9
       7
       5
       5
       9
       6
       9
       7
      10
       5
       6
       3
       8
       7
      11
      10
       5
       6
       8
       5
       2
       7
       9
       7
       2
       9
       3
       5
       7
       4
       4
       3
       3
       2
       6
       4
       4
       4
       5
       5
       2
       6
       6
       3
       2
       5
       3
      10
       6
       5
       2
       4
       4
       2
       4
       8
       5
       4
       4
       2
       2
       4
       3
       7
       4
       5
       2
       5
       3
       3
       2
       2
       2
       3
       3
       1
       4
       3
       3
       2
       6
       7
       6
       2
       2
       2
       5
       9
       1
       4
       3
       2
       2
       2
       1
       3
       3
       3
       3
       4
       1
       3
       5
       4
       8
       3
       3
       4
       3
       3
       1
       3
       5
       2
       4
       4
       5
       4
       3
       3
       5
       6
       2
       1
       1
       1
       4
       4
       1
       2
       8
       1
       2
       6
       6
       3
       2
       7
       1
       2
       2
       5
       5
       2
       6
       4
       5
       6
       2
       1
       2
       0
       1
       1
       3
       4
       4
       4
       1
       2
       1
       0
       6
       0
       5
       0
       2
       3
       1
       1
       0
       1
       0
       5
       4
       2
       2
       2
       3
       5
       2
       3
       1
       5
       4
       5
       1
       2
       5
       2
       4
       3
       4
       2
       5
       3
       0
       3
       3
       2
       5
       2
       3
       2
       2
       1
       4
       1
       5
       1
       2
       0
       1
       2
       1
       4
       0
       4
       1
       2
       0
       5
       1
       2
       3
       1
       4
       3
       4
       0
       4
       0
       1
       1
       1
       2
       1
       1
       0
       0
       4
       2
       2
       2
       2
       1
       3
       1
       1
       3
       0
       1
       2
       1
       1
       1
       2
       5
       0
       1
       5
       1
       0
       1
       2
       4
       2
       0
       4
       3
       2
       2
       0
       4
       0
       2
       0
       1
       2
       0
       1
       1
       3
       2
       1
       2
       0
       0
       1
       1
       0
       2
       3
       0
       1
       1
       3
       1
       0
       1
       1
       3
       1
       1
       3
       2
       1
       3
       1
       4
       2
       2
       1
       1
       3
       2
       3
       2
       1
       2
       6
       3
       5
       1
       5
       5
       4
       5
       0
       5
       2
       3
       5
       9
       2
       1
       1
       4
       3
       0
       1
       1
       1
       6
       0
       4
       2
       0
       1
       2
       0
       0
       2
       2
       0
       0
       2
       0
       0
       0
       0
       3
       0
       1
       2
       1
       0
       0
       0
       2
       0
       0
       0
       2
       0
       0
       0
       0
       0
       1
       1
       1
       0
       1
       0
       1
       0
       0
       0
       0
       1
       1
       1
       2
       1
       1
       1
       0
       0
       2
       1
       0
       0
       0
       0
       0
       0
       0
       0
       0
       2
       0
       0
       0
       1
       2
       0
       0
       0
       0
       0
       0
       0
       2
       1
       1
       0
       1
       1
       0
       0
       0
       0
       1
       2
       0
       1
       1
       0
       0
       1
       1
       0
       2
       0
       0
       1
       1
       2
       0
       2
       0
       0
       2
       0
       1
       0
       0
       0
       1
       0
       3
       0
       0
       0
       0
       0
       1
       1
       1
       1
       0
       1
       1
       0
       0
       0
       0
       0
       1
       0
       0
       0
       1
       0
       0
       0
       1
       1
       1
       0
       0
       0
       0
       1
       0
       3
       0
       2
       1
       0
       0
       0
       0
       3
       0
       0
       0
       0
       0
       1
       1
       0
       0
       0
       0
       0
       0
       0
       0
       0
       0
       0
       0
       0
       0
       2
       1
       1
       0
       0
       1
       0
       0
       0
       0
       0
       1
       0
       1
       1
       1
       0
       0
       0
       0
       0
       0
       0
       0
       1
       0
       1
       0
       1
       0
       2
       0
       0
       1
       0
       0
       0
       2
       0
       0
       0
       0
       1
       0
       0
       0
       1
       0
       3
       1
       0
       0
       0
       0
       0
       2
       1
       2
       2
       0
       2
       0
       0
       1
       0
       0
       0
       1
       1
       0
       0
       0
       1
       0
       0
       0
       0
       0
       0
       0
       0
       0
       1
       0
       1
       0
       0
       0
       0
       0
       1
       0
       0
       1
       2
       0
       0
       0
       0
       0
       0
       0
       0
       0
       0
       0
       0
       0
       0
       0
       0
       0
       1
       1
       0
       1
       0
       0
       0
       0
       0
       1
       0
       0
       1
       0
       0
       0
       0
       0
       0
       0
       1
       0
       0
       1
       0
       0
       0
       1
       0
       0
       1
       0
       0
       0
       0
       0
       0
       0
       0
       0
       0
       0
       0
       0
       1
       0
       0
       1
       1
       0
       0
       1
       0
       0
       0
       0
       0
       0
       0
       0
       0
       0
       0
       0
       0
       0
       0
       0
       0
       0
       1
       0
       0
       0
       0
       0
       0
       0
       0
       0
       0
       0
       1
       0
       0
       0
       0
       0
       0
       0
       1
       0
       0
       0
       0
       0
       0
       0
       0
       0
       0
       0
       1
       1
       1
       0
       0
       2
       0
       1
       0
       0
       1
       1
       0
       0
       0
       0
       2
       1
       1
       0
       0
       1
$ROI:
0
$PRESETS:
Live Time
120
0
$ENER_FIT:
0.000000 0.000000
$MCA_CAL:
3
0.000000E+000 0.000000E+000 0.000000E+000 
$SHAPE_CAL:
3
0.000000E+000 0.000000E+000 0.000000E+000
