$SPEC_ID:
test1
$SPEC_REM:
DET# 1
DETDESC# DESKTOP-VMO734U digiBASE SN 56271
AP# Maestro Version 7.01
$DATE_MEA:
06/30/2022 18:55:41
$MEAS_TIM:
119 120
$DATA:
0 1023
       0
       0
       0
       0
       0
       0
       0
       2
      10
      17
      17
      17
      21
      15
      29
      27
      17
      20
      17
      14
      16
      27
      23
      24
      25
      22
      18
      24
      25
      31
      20
      26
      37
      36
      63
      52
      54
      53
      58
      43
      45
      37
      35
      38
      36
      28
      39
      26
      29
      30
      11
      28
      24
      26
      31
      27
      34
      19
      34
      26
      31
      24
      36
      27
      28
      31
      21
      24
      23
      29
      33
      25
      29
      36
      33
      25
      35
      30
      25
      25
      24
      22
      22
      23
      29
      19
      18
      16
      28
      25
      32
      16
      31
      31
      27
      29
      20
      21
      30
      25
      28
      27
      24
      29
      26
      16
      23
      28
      38
      20
      20
      26
      31
      27
      23
      30
      21
      28
      29
      27
      21
      25
      23
      24
      22
      17
      18
      24
      18
      26
      22
      23
      26
      14
      29
      15
      21
      23
      19
      12
      19
      25
      20
      20
      25
      22
      32
      17
      20
      25
      17
      20
      14
      19
      29
      22
      21
      26
      16
      18
      28
      36
      17
      15
      19
      17
      19
      16
      15
      21
      18
      17
      21
      18
      22
      16
      21
      22
      17
      38
      29
      35
      25
      29
      29
      47
      27
      35
      54
      57
      35
      48
      47
      39
      49
      48
      43
      39
      50
      50
      56
      40
      48
      50
      45
      34
      37
      32
      30
      30
      24
      23
      18
      16
      19
      27
      23
      23
      13
      20
      11
      13
      16
      14
      12
      17
       8
      13
       8
      14
      15
      14
      17
      13
      15
       8
      17
      20
      11
      17
      10
       9
      10
      11
       9
      13
      12
      10
      12
      13
       7
       2
      12
       6
       9
       5
       6
       9
      13
       8
      13
      15
       9
      10
       6
       7
      14
       6
       5
       9
       5
       9
       4
       5
      10
       5
       8
       4
      11
       8
       4
       6
       8
       6
       3
       6
       5
       7
       7
       7
       6
       5
       3
       6
       1
       5
       4
       6
       4
       5
       5
       5
       5
       2
       3
       5
       4
       6
       4
       3
       5
       4
       5
       5
       4
       5
       2
       4
       5
       4
       5
       3
       6
       4
       4
       8
       9
       3
       2
       4
       2
       7
       5
       3
       5
       2
       6
       6
       6
       2
       6
       5
       5
       6
       4
       4
       4
       3
       5
       4
       5
       4
       3
       5
       5
       1
       1
       3
       4
       4
       1
       8
       6
       4
       4
       7
       4
       3
       1
       4
       3
       2
       3
       3
       2
       7
       7
       6
       3
       3
       4
       5
       2
       8
       2
       4
       1
       1
       4
       2
       0
       3
       3
       4
       1
       2
       4
       6
       6
       6
       5
      11
       7
       2
       0
       6
       3
       3
       5
       2
       7
       4
       3
       5
       3
       5
       3
       1
       4
       4
       3
       5
       2
       5
       1
       4
       3
       2
       0
       4
       0
       0
       0
       2
       2
       1
       4
       0
       2
       1
       0
       1
       3
       1
       2
       4
       6
       2
       2
       3
       2
       2
       0
       1
       0
       2
       2
       0
       4
       5
       1
       2
       7
       1
       2
       2
       0
       3
       1
       2
       2
       3
       6
       5
       2
       1
       1
       3
       2
       3
       1
       2
       0
       5
       5
       3
       0
       3
       5
       2
       1
       1
       1
       1
       6
       4
       0
       4
       1
       5
       5
       0
       5
       1
       1
       4
       1
       1
       3
       3
       4
       2
       0
       6
       3
       1
       2
       1
       2
       1
       1
       1
       1
       0
       1
       2
       4
       2
       1
       0
       1
       1
       2
       2
       0
       0
       0
       2
       4
       0
       2
       0
       0
       2
       2
       0
       3
       3
       0
       1
       1
       1
       2
       0
       0
       1
       0
       0
       1
       0
       2
       2
       0
       0
       0
       0
       1
       1
       0
       0
       3
       1
       0
       1
       2
       1
       1
       3
       0
       3
       0
       1
       2
       1
       1
       0
       1
       3
       2
       3
       1
       3
       1
       4
       3
       2
       2
       3
       3
       3
       0
       0
       1
       7
       2
       2
       4
       1
       3
       3
       5
       3
       0
       0
       2
       4
       4
       2
       3
       3
       2
       4
       2
       2
       3
       1
       1
       1
       0
       2
       2
       0
       1
       2
       1
       1
       2
       1
       2
       0
       1
       0
       1
       1
       2
       2
       1
       2
       0
       1
       0
       0
       1
       1
       0
       3
       1
       1
       1
       0
       1
       2
       0
       0
       0
       0
       1
       0
       0
       0
       1
       0
       1
       0
       0
       1
       0
       0
       1
       1
       0
       1
       0
       0
       2
       0
       3
       0
       0
       1
       0
       0
       0
       0
       0
       1
       1
       1
       1
       1
       1
       0
       0
       0
       1
       0
       1
       0
       2
       0
       0
       1
       0
       0
       2
       0
       2
       2
       1
       3
       0
       0
       1
       2
       1
       0
       0
       2
       1
       1
       2
       2
       0
       3
       1
       0
       1
       0
       0
       1
       1
       1
       1
       0
       0
       1
       0
       2
       3
       1
       0
       0
       0
       1
       2
       0
       1
       1
       0
       0
       0
       0
       0
       0
       1
       0
       0
       0
       0
       0
       0
       0
       0
       1
       0
       0
       0
       0
       0
       0
       0
       0
       0
       1
       0
       0
       2
       1
       0
       1
       1
       1
       0
       1
       1
       2
       0
       0
       1
       0
       0
       0
       0
       0
       0
       0
       1
       0
       0
       0
       2
       0
       0
       0
       0
       0
       0
       0
       0
       0
       0
       0
       1
       1
       1
       2
       1
       0
       0
       1
       0
       0
       2
       1
       0
       1
       2
       0
       0
       0
       0
       0
       0
       1
       0
       0
       0
       1
       2
       0
       0
       2
       1
       0
       0
       0
       3
       1
       1
       2
       1
       0
       1
       1
       1
       0
       0
       0
       0
       1
       0
       1
       0
       1
       0
       1
       2
       3
       0
       1
       0
       0
       0
       0
       0
       0
       0
       0
       0
       0
       0
       0
       0
       0
       1
       0
       0
       0
       0
       1
       1
       0
       0
       0
       0
       0
       1
       0
       1
       0
       0
       0
       1
       2
       0
       0
       0
       0
       0
       0
       0
       0
       0
       0
       0
       0
       1
       1
       0
       0
       1
       0
       0
       1
       0
       0
       0
       1
       0
       0
       0
       0
       0
       0
       2
       0
       0
       0
       0
       0
       0
       0
       0
       0
       0
       0
       0
       0
       0
       0
       0
       0
       0
       0
       0
       0
       1
       0
       1
       0
       0
       0
       0
       0
       0
       0
       0
       0
       0
       1
       0
       0
       0
       0
       0
       0
       0
       0
       0
       0
       1
       0
       0
       0
       0
       0
       0
       0
       0
       0
       0
       0
       0
       0
       0
       0
       1
       0
       0
       0
       0
       0
       0
       0
       0
       0
       0
       0
       0
       0
       0
       0
       0
       0
$ROI:
0
$PRESETS:
Live Time
120
0
$ENER_FIT:
0.000000 0.000000
$MCA_CAL:
3
0.000000E+000 0.000000E+000 0.000000E+000 
$SHAPE_CAL:
3
0.000000E+000 0.000000E+000 0.000000E+000
