$SPEC_ID:
test1
$SPEC_REM:
DET# 1
DETDESC# DESKTOP-VMO734U digiBASE SN 56271
AP# Maestro Version 7.01
$DATE_MEA:
06/30/2022 20:45:39
$MEAS_TIM:
119 120
$DATA:
0 1023
       0
       0
       0
       0
       0
       0
       0
       0
      12
      22
      23
      17
      26
      23
      32
      25
      32
      27
      35
      21
      29
      29
      20
      16
      31
      28
      27
      31
      28
      33
      28
      41
      54
      61
      62
      77
      78
      73
      75
      49
      62
      53
      42
      36
      39
      27
      34
      33
      39
      36
      35
      25
      43
      43
      25
      40
      29
      29
      40
      40
      36
      24
      26
      42
      29
      33
      46
      39
      33
      34
      38
      40
      43
      49
      38
      42
      41
      28
      48
      30
      36
      37
      45
      42
      41
      40
      39
      22
      43
      38
      34
      40
      40
      44
      34
      48
      41
      48
      28
      32
      46
      47
      45
      38
      33
      36
      26
      28
      36
      31
      44
      36
      37
      37
      31
      22
      35
      40
      42
      26
      24
      33
      41
      33
      40
      39
      34
      30
      31
      35
      32
      31
      24
      44
      27
      31
      24
      32
      34
      32
      27
      28
      28
      29
      29
      19
      32
      32
      26
      22
      21
      31
      27
      26
      25
      21
      32
      26
      42
      22
      24
      30
      25
      22
      32
      34
      32
      24
      30
      32
      34
      39
      32
      42
      35
      35
      38
      25
      54
      38
      38
      45
      51
      57
      62
      56
      59
      66
      53
      66
      74
      56
      66
      49
      68
      61
      62
      61
      47
      72
      58
      67
      51
      47
      58
      53
      43
      48
      48
      33
      46
      39
      34
      26
      33
      26
      19
      25
      17
      22
      17
      14
      14
      15
      15
      18
      16
      17
      15
      11
       9
      15
      17
      19
      11
       9
      11
       9
      13
      14
      12
      13
       6
       6
       7
       5
       8
      14
       5
      10
       9
       7
      14
       6
       9
       6
       6
       4
      17
       8
      12
      10
       7
       5
       5
       9
       8
       7
       7
       4
       6
       6
       7
       7
       5
       3
       6
       4
       7
       2
       3
       3
       6
       3
       4
       6
       4
       6
       1
       7
       8
       9
       5
       4
       0
       8
       2
       3
       4
       3
       4
       3
       2
       1
       7
       4
       2
       4
       3
       6
       6
       5
       4
       2
       5
       3
       5
       4
       4
       2
       5
       1
       5
       3
       6
       3
       4
       5
       4
       3
       2
       4
       3
       3
       7
       5
       7
       3
       6
       7
      10
       5
       2
       4
       2
       5
       5
       5
       2
       6
       2
       1
       1
       4
       6
       4
       6
       4
       0
       4
       2
       0
       2
       3
       3
       2
       5
       5
       0
       2
       4
       2
       5
       4
       2
       5
       1
       4
       4
       3
       4
       3
       4
       0
       9
       5
       7
       4
       2
       5
       4
       1
       3
       4
       1
       6
       5
       2
       2
       2
       3
       6
       2
       3
       4
       3
       3
       3
       1
       0
       4
       1
       1
       3
       2
       2
       1
       3
       2
       2
       2
       1
       2
       3
       1
       2
       0
       2
       2
       0
       3
       7
       4
       4
       4
       2
       3
       0
       2
       1
       2
       3
       1
       3
       2
       1
       3
       3
       2
       1
       2
       2
       1
       1
       4
       2
       1
       1
       2
       5
       1
       1
       3
       4
       1
       0
       2
       2
       1
       6
       3
       1
       2
       3
       2
       3
       5
       2
       1
       4
       2
       2
       3
       2
       2
       0
       3
       6
       1
       4
       3
       3
       1
       2
       2
       2
       3
       3
       1
       2
       1
       0
       2
       3
       1
       3
       1
       1
       2
       1
       3
       1
       1
       1
       1
       0
       0
       1
       1
       2
       2
       2
       1
       1
       1
       1
       0
       0
       0
       2
       1
       2
       1
       0
       1
       2
       0
       4
       1
       2
       1
       3
       0
       0
       1
       0
       4
       2
       2
       3
       2
       1
       2
       1
       1
       0
       0
       1
       0
       3
       2
       1
       0
       1
       0
       0
       2
       4
       2
       2
       1
       4
       2
       2
       5
       5
       4
       1
       2
       4
       1
       3
       2
       4
       3
       2
       4
       3
       5
       1
       4
       5
       3
       1
       3
       1
       4
       3
       5
       2
       3
       3
       3
       4
       5
       0
       2
       1
       2
       1
       2
       0
       3
       4
       2
       3
       2
       1
       1
       1
       1
       1
       0
       4
       3
       0
       2
       0
       1
       2
       1
       0
       1
       0
       1
       1
       0
       3
       1
       1
       0
       1
       0
       3
       1
       1
       1
       0
       0
       0
       0
       1
       0
       1
       0
       0
       1
       1
       0
       2
       0
       1
       1
       0
       0
       1
       0
       1
       0
       2
       1
       0
       0
       2
       0
       0
       0
       0
       1
       0
       2
       0
       1
       0
       0
       1
       1
       1
       2
       0
       0
       0
       0
       0
       0
       1
       1
       0
       2
       1
       1
       1
       1
       0
       0
       1
       0
       0
       0
       0
       2
       1
       0
       0
       0
       0
       1
       0
       0
       1
       2
       1
       0
       2
       0
       1
       2
       0
       0
       0
       0
       1
       0
       0
       0
       1
       2
       0
       0
       0
       0
       0
       0
       0
       0
       0
       0
       0
       0
       0
       2
       1
       1
       0
       0
       0
       0
       1
       0
       0
       0
       2
       1
       0
       0
       2
       0
       0
       0
       0
       0
       0
       0
       2
       3
       0
       0
       0
       2
       0
       1
       0
       0
       0
       0
       0
       0
       1
       0
       1
       0
       0
       0
       0
       1
       1
       0
       0
       0
       1
       0
       0
       0
       1
       0
       0
       0
       0
       1
       0
       1
       0
       1
       1
       1
       0
       0
       1
       2
       1
       0
       0
       0
       1
       0
       0
       1
       0
       0
       0
       1
       0
       0
       0
       0
       0
       0
       0
       1
       1
       0
       0
       1
       0
       1
       0
       0
       0
       0
       0
       1
       0
       0
       0
       0
       1
       0
       0
       0
       0
       1
       1
       0
       0
       1
       0
       0
       0
       0
       0
       0
       0
       0
       0
       0
       0
       0
       0
       0
       0
       0
       1
       1
       2
       0
       0
       1
       1
       0
       0
       0
       0
       0
       1
       0
       0
       0
       0
       0
       1
       0
       0
       0
       0
       0
       0
       0
       1
       1
       0
       0
       0
       0
       1
       0
       0
       1
       1
       0
       1
       0
       0
       0
       0
       0
       0
       1
       1
       1
       1
       0
       0
       1
       0
       1
       0
       0
       0
       0
       1
       0
       0
       0
       0
       0
       0
       0
       0
       1
       0
       0
       0
       0
       0
       0
       0
       0
       0
       0
       0
       0
       0
       0
       0
       0
       0
       0
       0
       0
       0
       0
       1
       0
       0
       0
       1
       0
       0
       0
       0
       0
       0
       1
       0
       1
       0
       0
       0
       0
       1
       0
       0
       0
       0
       0
       0
       1
       1
       2
       0
       1
       0
       0
       0
       1
       0
       1
       0
       0
       0
       1
       0
       0
       1
       0
       0
       0
       0
       2
       1
       0
       0
       1
       0
$ROI:
0
$PRESETS:
Live Time
120
0
$ENER_FIT:
0.000000 0.000000
$MCA_CAL:
3
0.000000E+000 0.000000E+000 0.000000E+000 
$SHAPE_CAL:
3
0.000000E+000 0.000000E+000 0.000000E+000
