$SPEC_ID:
test1
$SPEC_REM:
DET# 1
DETDESC# DESKTOP-VMO734U digiBASE SN 56271
AP# Maestro Version 7.01
$DATE_MEA:
06/30/2022 18:59:59
$MEAS_TIM:
119 120
$DATA:
0 1023
       0
       0
       0
       0
       0
       0
       0
       0
       7
      13
      11
      12
      16
      14
      14
      10
      12
      13
      14
       9
       8
       7
      13
      19
      17
       7
      13
      10
      14
      26
      13
      29
      31
      26
      36
      34
      33
      42
      36
      31
      32
      21
      37
      21
      15
      22
      13
      17
      10
      15
      15
       9
      12
      10
      17
      13
      15
      17
      12
      10
       9
      18
      15
      12
      19
      24
      10
      22
      17
       8
      14
      14
      13
      11
      19
      15
      16
      10
      10
      16
      18
      21
      18
       8
      13
      11
      16
      17
      19
      12
      15
      10
      19
      19
       9
      17
      21
      14
      16
      12
      10
      10
      11
      18
      20
      19
      19
      18
      17
      17
      14
      19
      12
      12
      15
      10
      18
      13
      16
      12
      15
       9
      20
      14
      17
      10
      15
      13
      15
      19
      13
      15
      14
      15
      19
      17
       8
      13
      15
      12
      19
      19
      10
      19
      11
       9
      12
       9
      20
      22
      19
      17
      14
      13
      11
      21
      19
      19
       7
      16
      15
       9
      10
      13
      10
      10
       8
      14
      14
      19
      13
      13
      11
      10
       6
      12
      11
      11
       7
       5
       9
      12
      13
       8
      12
      11
      10
       9
      10
      14
      10
      12
      14
       7
      12
      13
       8
       9
       9
       7
      16
      17
       8
       8
      11
      13
       9
      12
      14
       8
       8
      10
       9
       8
      15
       5
      13
      10
      14
      12
       9
      14
      17
      10
      12
       8
      16
      12
      17
      12
       6
      13
      10
      15
      15
      10
      13
      11
      10
      11
       6
      10
      10
      12
      14
       9
      10
      14
      10
       8
      13
      15
       5
      10
      12
      11
       7
      13
      12
       7
       8
       4
       8
       9
       6
       8
       9
       7
       6
       6
       9
       7
       5
       4
       5
       4
       5
       6
      11
       6
       6
       9
       3
       2
       4
       6
       9
       6
       9
       8
       5
       8
       2
       5
       3
       8
       4
       6
       5
       1
       4
       5
       3
       0
       7
       4
       7
       9
       5
       2
       8
       3
       1
       5
       3
       4
       8
       5
       4
       3
       6
       3
       5
       1
       3
       7
       1
       3
       2
       3
       2
       3
       6
       8
       6
       5
       2
       8
       6
       2
       2
       4
       7
       5
       1
       3
       4
       3
       3
       3
       4
       2
       1
       2
       2
       3
       5
       1
       2
       5
       1
       7
       2
       5
       1
       4
       5
       2
       4
       1
       3
       3
       3
       2
       3
       1
       3
       4
       2
       2
       5
       3
       5
       5
       2
       3
       3
       5
       4
       4
       2
       4
       3
       1
       2
       3
       4
       2
       3
       6
       1
       4
       1
       3
       5
       1
       4
       4
       6
       3
       0
       1
       1
       0
       3
       1
       5
       3
       3
       2
       5
       2
       1
       2
       4
       2
       0
       7
       4
       1
       3
       1
       4
       3
       1
       2
       3
       1
       2
       1
       3
       2
       3
       2
       3
       4
       5
       1
       2
       1
       3
       3
       5
       4
       1
       0
       0
       6
       3
       2
       1
       6
       1
       2
       0
       5
       2
       1
       3
       1
       3
       3
       2
       3
       0
       5
       4
       2
       2
       4
       2
       4
       4
       2
       0
       0
       4
       0
       3
       1
       3
       1
       1
       1
       2
       1
       1
       1
       1
       2
       4
       4
       1
       2
       2
       2
       3
       1
       2
       2
       0
       2
       0
       1
       2
       3
       2
       1
       3
       0
       1
       3
       2
       0
       0
       4
       1
       2
       0
       3
       2
       2
       0
       1
       0
       1
       4
       1
       4
       1
       3
       1
       0
       1
       0
       0
       2
       0
       2
       1
       3
       1
       2
       0
       1
       1
       4
       2
       0
       0
       0
       0
       2
       0
       1
       3
       0
       1
       0
       1
       0
       3
       0
       2
       0
       3
       1
       1
       2
       1
       1
       1
       2
       5
       1
       2
       2
       3
       2
       2
       0
       3
       0
       1
       1
       1
       2
       3
       2
       4
       5
       5
       3
       3
       2
       2
       3
       4
       6
       1
       4
       2
       3
       2
       3
       1
       7
       3
       3
       1
       2
       2
       0
       1
       3
       4
       2
       1
       0
       2
       4
       3
       0
       1
       0
       1
       1
       1
       3
       3
       2
       2
       0
       2
       2
       2
       1
       0
       0
       0
       2
       3
       1
       0
       1
       0
       0
       0
       0
       0
       1
       1
       1
       3
       1
       1
       0
       1
       1
       0
       0
       0
       1
       0
       0
       1
       1
       1
       0
       0
       2
       3
       0
       0
       0
       1
       1
       0
       0
       0
       0
       1
       2
       2
       0
       0
       2
       0
       1
       1
       0
       0
       1
       1
       0
       2
       1
       1
       0
       1
       1
       0
       0
       1
       1
       0
       1
       0
       1
       1
       0
       0
       0
       0
       1
       0
       0
       0
       1
       0
       2
       0
       0
       1
       0
       1
       1
       0
       1
       1
       0
       0
       1
       0
       1
       0
       0
       0
       0
       0
       0
       0
       0
       1
       0
       0
       0
       0
       0
       0
       0
       0
       2
       0
       0
       1
       0
       1
       0
       0
       0
       0
       0
       0
       0
       2
       0
       0
       0
       0
       1
       1
       0
       0
       0
       0
       0
       0
       0
       1
       0
       0
       0
       1
       2
       0
       1
       0
       0
       0
       0
       0
       0
       0
       0
       0
       0
       0
       0
       1
       0
       0
       0
       0
       0
       1
       2
       0
       0
       1
       0
       0
       0
       0
       0
       0
       1
       1
       1
       0
       0
       1
       0
       0
       0
       1
       1
       0
       1
       0
       0
       0
       0
       0
       2
       0
       0
       0
       0
       1
       0
       0
       0
       1
       0
       0
       0
       0
       0
       0
       0
       1
       0
       1
       1
       0
       0
       1
       1
       1
       0
       1
       0
       0
       0
       1
       0
       0
       0
       0
       1
       0
       0
       2
       0
       0
       0
       0
       0
       0
       1
       0
       0
       0
       1
       0
       0
       0
       0
       0
       1
       0
       0
       1
       0
       0
       0
       0
       0
       0
       0
       0
       0
       0
       1
       0
       3
       0
       0
       0
       0
       0
       1
       0
       0
       0
       1
       0
       0
       0
       0
       0
       0
       0
       0
       0
       0
       0
       1
       0
       0
       0
       1
       0
       1
       0
       0
       0
       0
       0
       0
       0
       1
       0
       0
       0
       0
       0
       1
       0
       1
       0
       0
       0
       0
       1
       0
       3
       0
       0
       1
       2
       0
       0
       0
       1
       0
       0
       0
       0
       0
       0
       0
       0
       0
       0
       0
       0
       0
       0
       0
       0
       1
       0
       0
       0
       0
       0
       0
       0
       0
       0
       0
       1
       0
       1
       0
       0
       0
       0
       0
       0
       0
       0
       0
       0
       0
       0
       0
       0
       0
       0
       1
       0
$ROI:
0
$PRESETS:
Live Time
120
0
$ENER_FIT:
0.000000 0.000000
$MCA_CAL:
3
0.000000E+000 0.000000E+000 0.000000E+000 
$SHAPE_CAL:
3
0.000000E+000 0.000000E+000 0.000000E+000
