$SPEC_ID:
test1
$SPEC_REM:
DET# 1
DETDESC# DESKTOP-VMO734U digiBASE SN 56271
AP# Maestro Version 7.01
$DATE_MEA:
06/30/2022 21:12:22
$MEAS_TIM:
119 120
$DATA:
0 1023
       0
       0
       0
       0
       0
       0
       0
       0
      20
      21
      14
      19
      15
      32
      34
      20
      16
      22
      18
      22
      25
      18
      24
      25
      23
      22
      23
      20
      23
      32
      32
      27
      43
      59
      59
      56
      61
      58
      47
      40
      46
      38
      39
      34
      42
      27
      34
      28
      28
      28
      23
      26
      26
      29
      39
      32
      28
      27
      29
      37
      21
      21
      30
      21
      21
      27
      35
      40
      29
      35
      38
      28
      31
      30
      29
      32
      32
      37
      23
      38
      25
      25
      19
      33
      32
      23
      23
      28
      25
      31
      33
      26
      38
      36
      28
      36
      33
      28
      32
      32
      27
      24
      28
      21
      26
      27
      31
      37
      30
      24
      25
      22
      31
      28
      29
      20
      21
      35
      22
      17
      28
      21
      23
      23
      25
      26
      32
      20
      19
      13
      23
      21
      27
      17
      23
      27
      21
      19
      19
      17
      19
      18
      11
      27
      21
      26
      19
      24
      19
      17
      19
      22
      19
      22
       9
      26
      29
      20
      20
      20
      14
      20
      19
      22
      20
      22
      20
      25
      20
      21
      19
      24
      23
      32
      25
      31
      29
      25
      23
      24
      32
      27
      39
      35
      28
      35
      54
      47
      44
      36
      35
      47
      48
      53
      45
      58
      48
      31
      36
      46
      42
      49
      36
      45
      35
      45
      26
      36
      29
      21
      27
      23
      35
      17
      18
      20
      20
      23
      13
      27
      22
      21
      16
      16
      15
      15
      15
      14
      18
      12
      13
       9
      12
      15
      14
      12
       8
       7
       3
      14
       7
      11
      16
      10
      16
      13
       6
      12
       9
       9
      10
      11
      11
       8
       8
      12
       8
      16
       9
       7
      12
       9
       8
       7
      11
       6
       2
      13
       9
      10
       5
       9
       2
       9
       4
       4
       4
       3
       5
       6
       4
       3
       6
       4
       5
       8
       6
       1
       7
       9
       3
       0
       3
       0
       3
       6
       4
       2
       7
       5
       6
       4
       5
       6
       3
       4
       5
       3
       2
       6
       3
       4
       3
       5
       1
       5
       2
       3
       3
       2
       8
       8
       5
       9
       4
       2
       4
       5
       1
       1
       2
       3
       3
       4
       2
       0
       7
       2
       3
       5
       7
       3
       3
       1
       5
       5
       2
       4
       1
       1
       0
       3
       5
       3
       1
       6
       3
       7
       1
       2
       2
       0
       5
       5
       3
       1
      10
       3
       4
       2
       3
       6
       3
       5
       6
       4
       7
       5
       4
       4
       3
       5
       2
       2
       7
       3
       1
       1
       1
       1
       7
       2
       3
       4
       3
       2
       2
       4
       5
       2
       3
       3
       6
       8
       3
       1
       2
       2
       6
       3
       3
       5
       6
       2
       0
       2
       1
       3
       2
       1
       2
       2
       3
       0
       5
       1
       3
       1
       2
       1
       4
       0
       3
       5
       1
       6
       2
       3
       2
       2
       0
       4
       1
       5
       5
       3
       3
       3
       3
       5
       4
       2
       3
       1
       4
       1
       1
       3
       2
       2
       5
       3
       1
       5
       1
       3
       4
       0
       2
       4
       1
       5
       3
       0
       2
       0
       2
       2
       3
       1
       3
       1
       2
       4
       1
       1
       5
       7
       2
       3
       3
       2
       3
       1
       3
       4
       3
       3
       2
       1
       2
       1
       3
       3
       0
       3
       0
       2
       1
       1
       2
       2
       1
       0
       3
       2
       0
       0
       1
       0
       2
       2
       0
       3
       3
       2
       0
       1
       0
       1
       1
       0
       1
       0
       2
       0
       0
       3
       2
       1
       1
       2
       0
       1
       2
       0
       0
       0
       4
       2
       1
       0
       2
       1
       0
       1
       1
       1
       2
       3
       2
       1
       1
       2
       1
       3
       2
       1
       2
       3
       3
       2
       1
       1
       2
       0
       3
       4
       2
       3
       3
       5
       2
       1
       2
       4
       3
       3
       2
       2
       1
       3
       4
       1
       3
       2
       3
       1
       2
       2
       0
       4
       1
       1
       0
       0
       4
       2
       5
       2
       0
       2
       0
       3
       3
       1
       4
       0
       1
       0
       0
       2
       2
       2
       1
       0
       0
       1
       2
       0
       0
       3
       2
       2
       0
       1
       0
       1
       0
       0
       0
       0
       1
       1
       2
       0
       1
       0
       1
       0
       0
       0
       0
       1
       0
       0
       0
       0
       0
       1
       1
       0
       1
       0
       0
       0
       1
       0
       0
       0
       0
       0
       0
       1
       1
       0
       0
       1
       0
       1
       0
       0
       2
       1
       0
       1
       0
       0
       0
       0
       0
       0
       0
       0
       0
       0
       0
       0
       1
       0
       1
       1
       2
       0
       1
       1
       1
       1
       0
       0
       0
       1
       0
       0
       0
       1
       0
       0
       0
       1
       0
       1
       1
       0
       1
       1
       0
       0
       0
       2
       0
       1
       0
       0
       1
       0
       1
       0
       0
       0
       0
       0
       0
       2
       1
       0
       0
       0
       0
       0
       0
       0
       0
       1
       0
       0
       1
       0
       0
       0
       0
       0
       0
       0
       0
       2
       0
       1
       0
       1
       0
       0
       0
       0
       0
       0
       0
       0
       0
       0
       0
       0
       0
       0
       0
       0
       1
       0
       0
       0
       1
       0
       1
       1
       1
       0
       0
       0
       0
       2
       0
       1
       0
       1
       0
       0
       1
       0
       0
       0
       2
       1
       1
       0
       1
       1
       0
       1
       0
       0
       2
       1
       1
       1
       0
       0
       0
       0
       0
       0
       0
       0
       1
       0
       0
       1
       0
       0
       1
       1
       0
       1
       0
       2
       0
       0
       0
       1
       1
       1
       0
       1
       0
       2
       0
       0
       0
       0
       0
       0
       2
       0
       0
       0
       0
       0
       0
       0
       3
       0
       0
       1
       0
       0
       0
       1
       0
       0
       0
       0
       1
       1
       1
       2
       0
       0
       0
       0
       1
       0
       0
       1
       0
       0
       0
       1
       0
       2
       1
       0
       1
       0
       0
       1
       0
       1
       0
       1
       1
       0
       0
       0
       0
       0
       0
       0
       0
       0
       0
       2
       0
       0
       2
       1
       0
       0
       0
       0
       0
       1
       0
       0
       0
       0
       0
       0
       0
       0
       0
       0
       1
       0
       0
       0
       0
       0
       0
       0
       0
       1
       0
       0
       0
       1
       0
       1
       0
       0
       0
       0
       0
       1
       0
       0
       0
       1
       1
       1
       0
       0
       0
       0
       0
       0
       0
       0
       0
       1
       0
       1
       0
       0
       0
       0
       0
       0
       0
       0
       0
       0
       0
       0
       1
       0
       0
       1
       0
       0
       0
       0
       0
       0
       0
       0
       0
       0
       0
       0
       0
       0
       2
       1
       1
       1
       0
       0
       0
       0
       1
       0
       1
       0
       1
       1
$ROI:
0
$PRESETS:
Live Time
120
0
$ENER_FIT:
0.000000 0.000000
$MCA_CAL:
3
0.000000E+000 0.000000E+000 0.000000E+000 
$SHAPE_CAL:
3
0.000000E+000 0.000000E+000 0.000000E+000
