$SPEC_ID:
test1
$SPEC_REM:
DET# 1
DETDESC# DESKTOP-VMO734U digiBASE SN 56271
AP# Maestro Version 7.01
$DATE_MEA:
06/30/2022 20:48:58
$MEAS_TIM:
119 120
$DATA:
0 1023
       0
       0
       0
       0
       0
       0
       0
       1
      15
      22
      21
      26
      28
      30
      20
      25
      23
      23
      27
      27
      29
      29
      29
      27
      25
      20
      16
      24
      37
      32
      38
      43
      46
      59
      69
      81
      70
      73
      56
      55
      46
      50
      46
      28
      36
      32
      29
      32
      37
      28
      40
      28
      42
      34
      30
      27
      30
      35
      34
      31
      35
      38
      44
      38
      26
      32
      33
      43
      28
      31
      41
      43
      41
      45
      36
      40
      37
      43
      45
      29
      34
      35
      41
      28
      41
      37
      44
      32
      44
      26
      32
      45
      44
      32
      32
      27
      28
      36
      52
      33
      26
      28
      26
      19
      33
      34
      30
      35
      43
      34
      34
      29
      23
      39
      25
      33
      29
      32
      26
      27
      24
      33
      28
      32
      25
      24
      28
      31
      31
      23
      33
      15
      31
      29
      24
      27
      33
      36
      35
      26
      26
      18
      26
      29
      32
      21
      30
      30
      25
      36
      32
      38
      27
      24
      27
      35
      33
      39
      53
      42
      41
      49
      59
      44
      36
      44
      66
      63
      72
      58
      49
      66
      66
      66
      75
      64
      63
      56
      47
      62
      57
      49
      56
      61
      46
      31
      42
      38
      37
      24
      31
      29
      29
      27
      23
      21
      22
      22
      17
      11
      18
      26
      10
      26
      16
      22
      12
      11
      12
      15
      16
      11
      11
      10
      12
       7
      14
      11
       9
      12
      14
      17
      11
       5
      15
      10
       7
      10
      12
      11
      10
       9
       9
      14
      13
       6
      11
       6
      10
      14
      11
      10
      10
      12
      10
       8
      11
      10
      11
       4
       9
       5
      10
       9
       3
       7
       8
       5
       8
       4
       3
       6
       2
       7
       8
       6
       5
       6
       7
       4
       5
      10
       7
       8
       8
       9
       3
       9
       7
       4
       4
       4
       3
       9
       3
       4
       3
       5
       5
       6
       2
       5
       4
       6
       3
       7
       1
       2
       3
       9
       5
       7
       4
       4
       5
       2
       3
       5
       9
       6
       7
       2
       3
       6
       3
       0
       2
       3
       3
       4
       3
       2
       4
       4
       4
       5
       6
       6
       7
       2
       3
       4
       6
       4
       5
       1
       2
       4
       5
       0
       3
       2
       5
       4
       8
       3
       3
       7
       8
       5
       4
       3
       5
       3
       4
       3
       4
       4
       5
       0
       4
       3
       2
       4
       8
       2
       8
       4
       4
       2
       2
       1
       1
       3
       2
       6
       3
       4
       9
       4
       1
       2
       6
       4
       4
       2
       1
       6
       9
       1
       3
       1
       3
       3
       2
       4
       3
       2
       7
       3
       2
       5
       1
       3
       3
       3
       4
       4
       1
       4
       4
       0
       1
       2
       3
       3
       0
       3
       4
       4
       1
       2
       3
       1
       2
       3
       0
       5
       2
       2
       2
       2
       4
       5
       3
       3
       4
       1
       2
       2
       1
       4
       2
       0
       5
       2
       3
       1
       2
       2
       1
       6
       4
       2
       3
       3
       2
       4
       1
       1
       2
       1
       4
       3
       1
       3
       3
       3
       1
       2
       1
       4
       2
       2
       3
       2
       1
       5
       2
       4
       2
       2
       1
       1
       3
       1
       1
       3
       0
       3
       2
       0
       3
       2
       1
       0
       4
       1
       1
       0
       2
       1
       3
       0
       0
       2
       4
       1
       1
       3
       1
       1
       1
       1
       2
       0
       2
       0
       2
       2
       0
       3
       2
       0
       0
       0
       3
       1
       2
       0
       0
       2
       2
       1
       0
       3
       2
       0
       0
       1
       0
       1
       0
       0
       1
       2
       2
       0
       0
       0
       2
       0
       2
       2
       5
       1
       1
       0
       4
       2
       4
       2
       2
       2
       3
       2
       2
       2
       2
       5
       4
       0
       2
       1
       2
       1
       0
       3
       2
       4
       8
       2
       6
       1
       1
       1
       2
       1
       6
       4
       7
       0
       3
       0
       0
       6
       3
       1
       2
       3
       3
       2
       1
       1
       2
       0
       3
       1
       1
       0
       1
       0
       3
       0
       1
       0
       1
       0
       0
       1
       1
       2
       0
       0
       2
       2
       4
       0
       2
       1
       0
       1
       0
       0
       1
       0
       0
       1
       1
       2
       0
       2
       1
       0
       0
       0
       2
       0
       0
       0
       0
       1
       0
       0
       0
       2
       0
       1
       0
       0
       0
       0
       0
       0
       0
       0
       1
       2
       0
       0
       0
       0
       0
       0
       0
       0
       0
       1
       4
       1
       0
       0
       1
       0
       0
       0
       0
       1
       2
       1
       1
       0
       0
       0
       0
       0
       1
       0
       1
       1
       0
       0
       0
       1
       0
       0
       0
       0
       2
       1
       0
       0
       2
       0
       0
       1
       0
       1
       1
       0
       0
       0
       1
       0
       1
       0
       1
       0
       0
       0
       0
       1
       0
       0
       0
       0
       1
       0
       1
       0
       0
       0
       0
       1
       1
       0
       1
       0
       1
       0
       0
       2
       0
       0
       0
       0
       1
       0
       0
       0
       0
       1
       1
       0
       0
       0
       0
       0
       1
       0
       1
       0
       0
       0
       0
       0
       0
       0
       2
       1
       2
       0
       1
       1
       0
       0
       0
       1
       1
       1
       1
       2
       0
       0
       1
       0
       0
       0
       0
       0
       0
       0
       0
       0
       1
       0
       1
       0
       1
       0
       0
       1
       0
       0
       0
       1
       0
       0
       1
       0
       0
       1
       1
       0
       0
       0
       0
       0
       0
       0
       1
       0
       1
       0
       0
       1
       0
       0
       1
       0
       0
       0
       2
       0
       0
       1
       0
       0
       0
       0
       0
       0
       1
       0
       0
       0
       0
       0
       0
       0
       0
       0
       1
       0
       0
       0
       0
       0
       0
       0
       1
       1
       0
       0
       0
       0
       0
       1
       1
       0
       0
       0
       1
       0
       0
       0
       0
       0
       0
       0
       0
       0
       0
       0
       1
       1
       0
       0
       0
       1
       0
       1
       1
       0
       0
       0
       0
       0
       0
       0
       0
       1
       0
       0
       0
       0
       0
       0
       0
       0
       0
       0
       0
       0
       0
       0
       0
       0
       0
       0
       0
       0
       0
       1
       0
       0
       0
       0
       0
       0
       0
       1
       0
       0
       0
       2
       0
       0
       0
       0
       0
       0
       1
       2
       0
       1
       0
       0
       0
       0
       0
       0
       0
       1
       0
       0
       0
       0
       2
       0
       0
       0
       0
       0
       0
       0
       0
       0
       0
       0
       0
       1
       0
       0
       1
       0
       0
       0
       1
       0
       0
       0
       0
       0
       0
       0
       0
       0
       1
       1
       0
       0
       0
       1
       1
       0
       0
       0
       0
       0
       0
       1
       0
       1
       0
       1
       0
       0
       0
       0
       0
       2
       0
       0
$ROI:
0
$PRESETS:
Live Time
120
0
$ENER_FIT:
0.000000 0.000000
$MCA_CAL:
3
0.000000E+000 0.000000E+000 0.000000E+000 
$SHAPE_CAL:
3
0.000000E+000 0.000000E+000 0.000000E+000
