$SPEC_ID:
test1
$SPEC_REM:
DET# 1
DETDESC# DESKTOP-VMO734U digiBASE SN 56271
AP# Maestro Version 7.01
$DATE_MEA:
06/30/2022 21:09:16
$MEAS_TIM:
119 120
$DATA:
0 1023
       0
       0
       0
       0
       0
       0
       0
       0
       9
      19
      15
      20
      17
      16
      14
      14
      32
      24
      11
      26
      23
      23
      18
      20
      29
      24
      27
      27
      21
      21
      32
      29
      49
      52
      59
      55
      48
      63
      53
      47
      51
      40
      31
      28
      30
      26
      30
      16
      29
      33
      25
      27
      27
      24
      34
      24
      24
      29
      29
      19
      23
      27
      30
      24
      26
      31
      30
      22
      26
      26
      29
      29
      24
      32
      35
      35
      28
      30
      30
      28
      29
      30
      35
      29
      26
      43
      33
      30
      29
      21
      40
      26
      32
      24
      32
      25
      34
      34
      25
      19
      31
      25
      31
      26
      25
      26
      17
      23
      31
      22
      30
      19
      32
      19
      27
      27
      15
      18
      21
      16
      24
      24
      18
      26
      20
      23
      18
      25
       8
      12
      18
      20
      28
      28
      20
      25
      26
      22
      20
      23
      18
      17
      22
      16
      28
      25
      19
      21
      25
      24
      19
      22
      23
      18
      22
      18
      29
      33
      25
      27
      34
      35
      25
      30
      48
      42
      19
      37
      40
      38
      38
      30
      37
      37
      30
      52
      46
      46
      46
      48
      48
      36
      33
      30
      41
      41
      42
      34
      27
      31
      27
      30
      21
      18
      26
      19
      22
      21
      15
      10
      10
      11
      12
      13
      17
      18
      14
       8
      16
       9
      13
       9
      14
       6
      14
      18
      15
      10
      10
      17
      14
      10
       7
      15
      13
       6
       7
       9
       5
       8
       6
      11
       8
      14
       9
       7
      12
      12
      11
       9
      11
      10
       4
       9
       6
      12
      12
       9
       4
       5
      12
       9
       9
       6
       9
       5
      10
       9
       3
       6
       8
       8
       9
       5
       5
       5
       4
       7
       3
       6
       9
       8
       3
       4
       4
       5
       5
       6
       2
       9
       6
       5
      10
       2
       3
       7
       2
       4
       7
       4
       7
       1
       7
       2
       8
       3
       4
       1
       3
       4
       4
       1
       3
       1
       4
       7
       8
       8
       5
       3
       1
       4
       1
       7
       4
       6
       6
       3
       8
       8
       3
       2
       5
       5
       1
       4
       5
       4
       4
       5
       6
       2
       1
       7
       4
       4
       7
       2
       4
       4
       4
       6
       1
       2
       6
       7
       2
       0
       1
       7
       2
       3
       3
       4
       4
       8
       3
       6
       4
       5
       1
       4
       5
       2
       5
       3
       7
       3
       4
       3
       3
       3
       5
       6
       4
       1
       1
       2
       1
       4
       6
       4
       8
       3
       4
       2
       5
       2
       4
       1
       2
       3
       4
       5
       2
       1
       2
       2
       2
       4
       4
       8
       0
       2
       3
       5
       2
       8
       3
       0
       0
       3
       7
       5
       3
       2
       2
       2
       3
       3
       3
       4
       2
       0
       2
       4
       2
       4
       2
       0
       2
       4
       4
       3
       5
       5
       4
       0
       4
       4
       4
       5
       0
       1
       5
       1
       3
       1
       3
       1
       3
       2
       5
       0
       1
       2
       0
       1
       4
       0
       3
       3
       1
       1
       0
       3
       2
       0
       1
       1
       2
       4
       4
       3
       1
       3
       6
       1
       1
       2
       4
       1
       2
       2
       2
       1
       2
       2
       1
       3
       1
       3
       3
       4
       2
       3
       3
       1
       2
       3
       2
       0
       0
       2
       2
       0
       4
       5
       0
       1
       1
       1
       0
       1
       2
       0
       1
       1
       3
       2
       1
       0
       0
       2
       1
       0
       1
       1
       1
       0
       3
       0
       0
       1
       2
       0
       2
       2
       3
       0
       3
       3
       1
       1
       2
       1
       1
       2
       0
       2
       0
       1
       6
       1
       2
       1
       1
       1
       0
       0
       4
       3
       2
       2
       1
       1
       2
       4
       5
       2
       6
       4
       1
       2
       0
       2
       2
       2
       0
       1
       3
       5
       5
       3
       2
       5
       2
       1
       4
       4
       3
       3
       1
       2
       4
       1
       4
       4
       2
       4
       1
       2
       0
       3
       2
       3
       1
       1
       2
       2
       1
       1
       1
       1
       0
       0
       3
       1
       2
       1
       1
       2
       0
       0
       2
       1
       0
       1
       1
       0
       2
       0
       0
       2
       2
       1
       0
       2
       0
       1
       0
       0
       0
       0
       0
       1
       1
       0
       2
       1
       1
       2
       0
       1
       0
       0
       0
       1
       0
       0
       0
       1
       1
       0
       1
       2
       1
       3
       1
       1
       1
       1
       1
       0
       0
       0
       0
       2
       0
       0
       2
       0
       0
       0
       0
       3
       0
       1
       0
       0
       0
       0
       0
       2
       0
       0
       0
       0
       0
       0
       0
       0
       0
       1
       2
       0
       0
       0
       0
       0
       0
       1
       0
       1
       0
       0
       1
       0
       0
       1
       1
       0
       0
       0
       0
       0
       0
       0
       1
       1
       0
       0
       0
       1
       0
       0
       1
       2
       1
       0
       0
       0
       0
       1
       1
       1
       0
       0
       0
       2
       0
       1
       0
       0
       0
       1
       1
       0
       1
       0
       0
       0
       0
       0
       1
       1
       1
       0
       0
       0
       0
       2
       0
       0
       0
       0
       0
       1
       0
       1
       1
       1
       1
       0
       0
       0
       0
       1
       0
       0
       1
       1
       0
       0
       0
       0
       0
       0
       1
       0
       1
       1
       0
       0
       1
       1
       2
       0
       0
       0
       0
       0
       0
       0
       0
       0
       2
       0
       1
       0
       0
       0
       2
       0
       2
       1
       1
       0
       1
       0
       1
       1
       1
       0
       0
       0
       0
       1
       3
       0
       0
       0
       0
       0
       0
       1
       0
       0
       1
       0
       0
       0
       1
       1
       0
       1
       0
       0
       0
       0
       0
       0
       0
       0
       0
       0
       0
       0
       0
       0
       0
       0
       0
       0
       1
       0
       1
       0
       0
       0
       1
       1
       0
       0
       1
       0
       2
       0
       0
       0
       0
       2
       0
       0
       0
       1
       0
       0
       0
       0
       0
       0
       0
       0
       0
       0
       1
       0
       1
       2
       0
       0
       0
       1
       0
       1
       0
       1
       0
       2
       0
       0
       0
       0
       0
       0
       0
       0
       0
       0
       0
       1
       0
       0
       0
       0
       1
       0
       0
       0
       0
       0
       0
       0
       0
       0
       0
       0
       0
       0
       1
       0
       0
       0
       0
       0
       0
       0
       1
       0
       0
       0
       0
       1
       1
       0
       0
       0
       0
       0
       0
       0
       0
       0
       0
       0
       1
       1
       0
       0
       0
       0
       1
       0
       0
       0
       0
       1
       0
       0
       0
       0
       0
       0
       0
       0
       0
       2
       0
       0
       0
       0
       0
       0
       0
       1
       0
       0
       0
       0
       0
       0
       1
       1
       1
       0
       0
       0
       0
       0
       0
       0
       0
       2
$ROI:
0
$PRESETS:
Live Time
120
0
$ENER_FIT:
0.000000 0.000000
$MCA_CAL:
3
0.000000E+000 0.000000E+000 0.000000E+000 
$SHAPE_CAL:
3
0.000000E+000 0.000000E+000 0.000000E+000
