$SPEC_ID:
test1
$SPEC_REM:
DET# 1
DETDESC# DESKTOP-VMO734U digiBASE SN 56271
AP# Maestro Version 7.01
$DATE_MEA:
06/30/2022 19:04:29
$MEAS_TIM:
119 120
$DATA:
0 1023
       0
       0
       0
       0
       0
       0
       0
       0
       9
       7
      14
      10
      11
       9
      16
      13
      10
      12
       9
       6
       9
      12
      10
      10
      15
      18
      11
      14
      15
      10
      18
      16
      28
      20
      29
      31
      35
      44
      28
      28
      28
      10
      27
      22
      10
      17
      17
      16
      20
      12
      17
      15
      15
      14
      10
      15
      10
      13
      13
      12
      15
      12
      15
      14
      19
       8
      23
      17
      15
      10
      17
      12
      15
      15
       9
      12
       9
      13
      15
      20
      12
      15
      16
      18
      30
      12
      18
      15
      14
      12
      10
       8
      16
      15
      17
      14
      10
      18
       8
      20
      12
      18
      12
      18
      10
      16
      13
      18
      22
      12
      12
      12
      23
      17
      10
      13
      13
      11
      11
      14
      14
      12
      10
      16
       8
      17
      11
      20
      17
      20
      16
      14
      20
      13
      17
      12
      12
      10
      16
      15
      16
      14
      16
      13
      16
      10
      15
      18
      13
      12
       8
      11
      18
      12
      17
      15
      14
      12
       9
      10
      11
      15
      13
      12
      17
       6
      13
      17
      10
      13
      21
       8
      10
      16
      11
      10
       8
      16
       8
      12
      16
       7
      12
       6
      12
      13
      11
      12
       7
      13
      10
       7
      14
      12
       8
      12
      14
      16
      12
      10
      11
      11
      13
      17
      17
       5
       6
      10
      12
      13
      11
      12
      10
      11
       8
      11
      16
      15
      12
       8
      11
      12
       5
      13
      14
      17
       7
       9
      11
      19
      14
      12
      13
       9
       9
       4
      12
       8
       8
      10
      14
       6
      14
       6
       7
       2
       6
      12
       4
      12
       7
       9
       9
       8
       7
       5
       8
      12
       9
       5
       3
       8
       7
       5
       4
       5
       7
       6
       6
       6
       9
      11
       7
      12
      11
       8
       4
       6
       5
       2
       3
       4
       5
       6
       5
       4
       5
       4
       4
       7
       3
       7
       7
       5
       4
       5
       3
       5
       6
      10
       5
       4
       3
       3
       3
       5
       4
       5
       1
       4
       8
       6
       2
       4
       3
       4
       2
       5
       4
       3
       1
       6
       3
       4
       3
       4
       7
       4
       1
       1
       5
       5
       6
       5
       8
       5
       6
       6
       8
       5
       9
       3
       3
       5
       3
       6
       6
       3
       3
       3
       3
       7
       2
       1
       6
       7
       1
       4
       2
       9
       4
       1
       4
       7
       4
       6
       5
       4
       5
       6
       3
       2
       5
       3
       2
       3
       8
       4
       1
       1
       4
       2
       2
       8
       4
       6
       4
       0
       5
       5
       1
       4
       1
       5
       5
       2
       1
       0
       4
       5
       3
       1
       4
       3
       1
       2
       4
       1
       3
       2
       0
       3
       2
       2
       6
       4
       3
       0
       4
       3
       2
       2
       0
       4
       4
       2
       5
       4
       5
       4
       0
       4
       3
       3
       3
       1
       1
       3
       1
       1
       2
       3
       1
       2
       1
       6
       0
       2
       5
       4
       0
       1
       0
       1
       1
       2
       3
       2
       3
       1
       2
       0
       2
       2
       2
       1
       6
       2
       4
       1
       2
       1
       5
       1
       0
       1
       2
       3
       1
       3
       4
       1
       1
       4
       3
       4
       3
       4
       1
       5
       3
       2
       3
       3
       4
       2
       2
       0
       2
       4
       3
       2
       3
       0
       0
       5
       3
       0
       1
       7
       2
       0
       2
       0
       4
       1
       6
       0
       4
       1
       1
       1
       1
       5
       1
       3
       2
       2
       3
       2
       2
       1
       1
       1
       3
       3
       2
       2
       2
       2
       0
       1
       0
       0
       2
       1
       0
       0
       2
       3
       0
       0
       1
       5
       1
       0
       0
       1
       0
       1
       1
       1
       1
       2
       1
       0
       1
       1
       1
       1
       0
       1
       1
       1
       0
       3
       2
       2
       3
       3
       6
       0
       1
       2
       1
       2
       2
       2
       1
       2
       1
       1
       3
       2
       4
       3
       4
       6
       6
       1
       3
       0
       2
       4
       5
       2
       6
       1
       7
       3
       3
       4
       3
       0
       1
       2
       6
       1
       1
       1
       6
       3
       0
       2
       2
       2
       1
       0
       3
       0
       3
       1
       2
       1
       1
       2
       2
       1
       3
       1
       0
       0
       1
       0
       1
       1
       1
       0
       1
       0
       0
       1
       2
       1
       0
       3
       0
       0
       1
       1
       1
       0
       1
       1
       0
       0
       2
       2
       1
       0
       1
       1
       1
       1
       1
       0
       1
       2
       0
       0
       1
       0
       1
       1
       1
       0
       1
       2
       0
       1
       0
       2
       1
       1
       1
       1
       1
       0
       0
       2
       0
       1
       1
       0
       1
       0
       2
       2
       3
       0
       3
       0
       0
       0
       0
       0
       0
       0
       0
       1
       1
       2
       2
       0
       0
       1
       0
       0
       1
       0
       0
       0
       3
       0
       2
       0
       0
       1
       0
       1
       0
       0
       1
       0
       1
       2
       2
       0
       0
       0
       1
       0
       0
       1
       0
       0
       0
       0
       0
       0
       2
       1
       0
       0
       2
       0
       0
       0
       0
       2
       0
       0
       0
       2
       0
       0
       1
       2
       1
       0
       0
       0
       0
       0
       0
       0
       0
       0
       0
       1
       0
       2
       1
       0
       1
       1
       0
       0
       0
       0
       0
       0
       1
       1
       1
       1
       0
       1
       0
       1
       0
       0
       0
       0
       0
       0
       0
       1
       0
       0
       0
       0
       1
       0
       0
       0
       0
       0
       0
       0
       0
       2
       0
       1
       0
       0
       0
       0
       0
       0
       0
       1
       0
       0
       1
       1
       1
       1
       0
       0
       0
       1
       0
       1
       0
       0
       1
       0
       1
       1
       0
       1
       1
       0
       1
       0
       0
       1
       1
       0
       1
       1
       0
       0
       1
       0
       1
       0
       0
       2
       0
       0
       0
       0
       0
       0
       0
       1
       0
       2
       0
       0
       1
       0
       0
       1
       0
       0
       0
       1
       0
       2
       0
       0
       0
       0
       0
       1
       1
       0
       0
       0
       0
       0
       0
       0
       1
       1
       0
       0
       0
       0
       1
       0
       1
       1
       0
       1
       1
       0
       1
       1
       1
       0
       1
       0
       0
       0
       0
       0
       1
       0
       0
       0
       0
       0
       1
       0
       0
       0
       0
       1
       0
       0
       1
       0
       0
       0
       1
       0
       0
       0
       0
       0
       0
       0
       1
       0
       0
       0
       0
       0
       0
       0
       0
       0
       0
       1
       0
       0
       0
       0
       0
       0
       0
       0
       0
       0
       0
       0
       0
       0
       0
       1
       0
       0
       0
       0
       0
       0
       0
       0
       1
       0
       0
       0
       0
       0
       0
       1
       0
       0
       1
       0
       0
       0
       1
       0
       0
       0
       0
       1
       0
       0
$ROI:
0
$PRESETS:
Live Time
120
0
$ENER_FIT:
0.000000 0.000000
$MCA_CAL:
3
0.000000E+000 0.000000E+000 0.000000E+000 
$SHAPE_CAL:
3
0.000000E+000 0.000000E+000 0.000000E+000
