$SPEC_ID:
test1
$SPEC_REM:
DET# 1
DETDESC# DESKTOP-VMO734U digiBASE SN 56271
AP# Maestro Version 7.01
$DATE_MEA:
06/30/2022 19:06:52
$MEAS_TIM:
119 120
$DATA:
0 1023
       0
       0
       0
       0
       0
       0
       0
       0
       8
      24
      10
      21
      17
      22
      27
      23
      12
      24
      19
      14
      16
      22
      25
      29
      15
      18
      11
      24
      20
      13
      20
      27
      29
      51
      45
      62
      71
      50
      56
      41
      40
      49
      39
      37
      25
      25
      21
      19
      35
      20
      25
      24
      22
      26
      27
      27
      39
      29
      20
      25
      25
      29
      21
      25
      28
      25
      23
      27
      21
      25
      24
      33
      29
      34
      23
      26
      28
      30
      26
      37
      25
      36
      22
      29
      27
      27
      30
      23
      24
      24
      31
      24
      34
      24
      16
      22
      23
      28
      29
      19
      28
      22
      22
      31
      16
      20
      30
      23
      20
      19
      21
      22
      26
      26
      16
      26
      16
      20
      17
      33
      21
      22
      21
      21
      24
      21
      26
      23
      25
      19
      22
      17
      19
      19
      22
      27
      18
      13
      24
      16
      22
      19
      20
      19
      28
      23
      17
      21
      20
      19
      22
      21
      24
      30
      12
      36
      12
      38
      24
      22
      26
      33
      31
      30
      32
      30
      32
      36
      50
      40
      39
      40
      39
      37
      49
      51
      54
      49
      41
      38
      46
      47
      38
      47
      41
      36
      42
      41
      38
      28
      30
      34
      27
      17
      19
      18
      16
      18
      13
      15
      21
      22
      16
      17
      10
      11
       9
       8
      22
      16
       8
      12
      14
       7
      13
      10
      13
      15
      15
      10
      12
      18
      16
      11
      13
      12
      14
      12
      14
       8
      16
       5
      11
      12
       7
       9
       8
       9
       9
      10
       9
       6
       6
      13
       5
       6
       2
      10
       5
       9
      10
      13
       9
      10
       9
      13
       7
      11
       8
       5
      13
      10
       9
       5
       7
       3
       8
      11
       3
       5
       4
       4
      10
       9
       7
       4
       8
       7
       6
       8
       9
       5
      10
       8
       5
       8
       3
       5
       7
       2
       7
       3
       7
       5
       3
       2
       3
       5
       5
       5
       5
       6
       7
       8
       3
       1
       2
       1
       4
       6
       3
       2
       3
       5
       3
       7
       2
       6
       7
       5
       2
      10
       4
       5
       7
       6
       7
       3
       2
       3
       3
       5
       4
       2
       5
       3
       1
       3
       4
       6
       1
       8
       6
       8
       3
       5
       3
       2
       8
       6
       3
       2
       5
       4
       4
       4
       4
       2
       2
       3
       6
       2
       2
       4
       1
       3
       4
       3
       5
       0
       1
       5
       4
       3
       4
       3
       5
       1
       2
       6
       3
       5
       1
       2
       4
       3
       2
       5
       2
       2
       5
       0
       1
       5
       2
       1
       6
       1
       4
       3
       2
       2
       5
       2
       2
       2
       3
       3
       6
       2
       2
       3
       4
       4
       6
       4
       6
       4
       3
       2
       5
       5
       1
       1
       3
       6
       2
       2
       4
       1
       4
       2
       2
       3
       3
       4
       1
       6
       5
       2
       5
       4
       0
       3
       0
       4
       0
       2
       1
       2
       1
       0
       1
       5
       1
       3
       0
       3
       4
       5
       1
       4
       0
       2
       1
       0
       3
       1
       2
       2
       3
       2
       3
       2
       2
       5
       2
       3
       3
       1
       4
       3
       5
       4
       2
       1
       1
       2
       0
       1
       4
       3
       3
       5
       3
       6
       2
       4
       3
       0
       0
       1
       2
       3
       1
       2
       2
       0
       3
       2
       1
       4
       1
       4
       0
       2
       4
       3
       3
       2
       0
       4
       1
       1
       4
       2
       3
       0
       3
       1
       2
       4
       3
       1
       0
       0
       2
       1
       2
       1
       1
       1
       1
       1
       1
       4
       0
       2
       2
       3
       3
       1
       1
       5
       0
       3
       3
       0
       1
       0
       2
       2
       5
       0
       1
       2
       0
       2
       2
       2
       3
       1
       0
       5
       0
       0
       1
       2
       3
       1
       1
       2
       2
       1
       1
       1
       1
       4
       3
       2
       2
       4
       0
       1
       1
       2
       3
       5
       3
       3
       4
       4
       3
       4
       3
       2
       2
       3
       1
       4
       3
       1
       2
       5
       2
       1
       3
       2
       4
       2
       2
       2
       2
       2
       5
       2
       2
       1
       1
       5
       4
       3
       1
       1
       1
       3
       2
       0
       0
       1
       0
       1
       0
       2
       1
       0
       0
       0
       0
       3
       1
       1
       0
       1
       2
       3
       0
       0
       2
       0
       0
       0
       0
       1
       1
       1
       0
       0
       0
       0
       2
       0
       4
       1
       1
       0
       0
       0
       0
       2
       0
       0
       0
       1
       0
       0
       3
       2
       1
       0
       0
       0
       1
       2
       1
       1
       1
       0
       0
       0
       0
       1
       0
       0
       0
       0
       0
       0
       0
       0
       1
       2
       0
       2
       0
       0
       1
       1
       0
       1
       0
       1
       1
       1
       0
       0
       1
       1
       1
       0
       3
       0
       0
       1
       0
       0
       1
       1
       0
       2
       1
       0
       0
       0
       1
       0
       1
       1
       0
       0
       0
       0
       0
       0
       0
       0
       0
       0
       1
       0
       1
       2
       1
       1
       1
       0
       1
       1
       0
       0
       0
       0
       0
       1
       0
       1
       0
       2
       0
       0
       0
       0
       0
       0
       0
       0
       0
       0
       1
       0
       0
       0
       0
       0
       0
       2
       0
       0
       1
       0
       1
       0
       0
       0
       0
       0
       0
       0
       1
       0
       0
       0
       0
       0
       0
       0
       1
       0
       0
       0
       0
       0
       1
       2
       0
       0
       0
       0
       0
       0
       1
       1
       0
       1
       0
       0
       0
       0
       0
       0
       0
       0
       0
       0
       0
       0
       0
       0
       0
       0
       1
       0
       0
       0
       1
       1
       0
       0
       0
       0
       2
       0
       1
       0
       2
       1
       0
       0
       0
       0
       0
       1
       0
       1
       1
       1
       0
       0
       1
       1
       1
       0
       0
       0
       0
       0
       0
       1
       0
       0
       0
       0
       0
       1
       1
       0
       0
       1
       0
       0
       1
       0
       0
       0
       0
       0
       0
       2
       0
       0
       0
       1
       0
       0
       0
       0
       0
       0
       0
       1
       0
       0
       0
       0
       0
       0
       0
       0
       1
       0
       0
       0
       0
       0
       1
       0
       0
       0
       0
       1
       0
       1
       0
       0
       0
       0
       0
       0
       1
       0
       0
       0
       1
       0
       0
       1
       0
       1
       0
       0
       0
       0
       0
       0
       1
       0
       0
       0
       1
       0
       0
       0
       1
       0
       0
       0
       0
       1
       0
       0
       0
       1
       0
       0
       1
       1
       0
       1
       0
       0
       0
       0
       0
       1
       0
       2
       1
       0
       0
       0
       0
       0
       0
       0
       0
       0
       0
       1
       0
       0
       0
       1
       0
       0
       0
       0
       0
       0
       1
       0
       0
       0
       0
       0
$ROI:
0
$PRESETS:
Live Time
120
0
$ENER_FIT:
0.000000 0.000000
$MCA_CAL:
3
0.000000E+000 0.000000E+000 0.000000E+000 
$SHAPE_CAL:
3
0.000000E+000 0.000000E+000 0.000000E+000
