$SPEC_ID:
test1
$SPEC_REM:
DET# 1
DETDESC# DESKTOP-VMO734U digiBASE SN 56271
AP# Maestro Version 7.01
$DATE_MEA:
06/30/2022 19:14:19
$MEAS_TIM:
119 120
$DATA:
0 1023
       0
       0
       0
       0
       0
       0
       0
       2
       5
      15
       9
       9
      10
      12
      19
      11
       9
      19
      12
      17
      15
      15
      10
      17
      13
      12
      16
      14
      13
      22
      15
      16
      16
      25
      27
      34
      40
      30
      28
      43
      29
      34
      25
      15
      22
      22
      21
      17
      12
      12
      16
      17
      12
      10
       8
      12
      21
      15
      17
       9
      12
      14
      14
      15
      16
      15
      13
      13
      21
      15
      17
      14
      13
      15
      21
      20
      12
      13
      18
      17
      18
      18
      10
      21
      16
      17
      11
       9
      13
      17
      17
      13
      14
      15
      21
      10
      19
      12
      12
      17
      12
      18
      13
      20
      13
      19
      17
      13
      17
      17
      14
      13
      23
      11
      16
      15
      19
      18
      16
      12
      14
      10
      13
       9
      14
      11
      13
      10
      20
      15
      24
      12
      12
       8
      13
      13
      11
      17
      15
      12
      14
      16
      15
      13
      11
      11
       9
      11
      10
      15
      18
      17
      12
      14
      17
      13
      10
      13
       5
      19
       8
      10
      17
       6
       5
      19
      10
      15
      16
      20
       9
      13
       6
      11
      16
       7
      18
      11
      12
      11
      14
       9
      16
      15
       7
      14
      16
      12
      13
      12
       8
       9
      11
      10
       5
      13
      12
       9
      12
      16
      10
      15
      10
       5
      11
      13
       7
      15
      14
      12
       6
      17
      13
      10
      12
      12
      13
      15
      13
      13
       5
      11
      10
      10
      10
      11
       9
       7
       6
       8
      14
       7
      14
       8
       7
       5
      10
       7
       9
       9
       4
      11
       6
      10
      15
       8
       8
       9
       4
       9
      10
      13
       3
      10
       3
       8
       5
       6
      11
       8
       6
       5
       9
       8
       4
       5
       6
       7
       8
       8
      12
       1
      17
       4
      10
       8
       1
       9
       6
       4
       8
       2
       5
       8
       9
       9
       9
       8
       4
       3
       5
       7
       6
       6
       3
       2
       7
       9
       3
       5
       2
       3
       5
       5
       5
       7
       3
       6
       3
       5
       7
      11
       7
       6
       6
       3
      10
       6
       4
       4
       6
       3
       3
       5
       1
       6
       5
       6
       2
       2
      12
       6
       8
       3
       3
       6
       4
       4
       8
       1
       3
       4
       2
       2
       6
       4
       5
       4
       6
       1
       2
       3
       2
       5
       3
       1
       3
       3
       5
       1
      11
       2
       3
       3
       8
       5
       4
       6
       7
       5
       3
       2
       5
       1
       5
       6
       3
       5
       4
       4
       3
       4
       5
       3
       2
       3
       2
       5
       3
       2
       2
       1
       3
       2
       2
       2
       4
       3
       7
       5
       3
       4
       7
       2
       1
       2
       1
       6
       3
       1
       1
       3
       1
       6
       2
       3
       0
       1
       5
       4
       3
       2
       2
       1
       0
       3
       0
       2
       3
       4
       4
       4
       3
       2
       0
       1
       1
       1
       1
       3
       3
       2
       2
       2
       1
       2
       3
       2
       1
       6
       2
       2
       1
       1
       3
       1
       5
       3
       2
       1
       6
       3
       4
       3
       6
       1
       1
       2
       0
       2
       4
       0
       5
       1
       3
       1
       3
       2
       2
       5
       1
       1
       4
       2
       2
       3
       3
       1
       3
       4
       1
       4
       0
       4
       1
       2
       2
       2
       2
       5
       2
       1
       3
       0
       2
       1
       0
       1
       0
       0
       3
       3
       1
       2
       1
       0
       2
       4
       2
       1
       2
       2
       0
       1
       1
       1
       0
       1
       1
       0
       2
       0
       3
       4
       3
       3
       2
       1
       0
       1
       0
       1
       2
       3
       1
       2
       3
       2
       2
       1
       2
       3
       2
       3
       0
       0
       1
       1
       1
       2
       3
       0
       2
       0
       0
       1
       3
       3
       3
       2
       1
       2
       0
       3
       0
       2
       2
       1
       2
       5
       3
       2
       2
       2
       0
       1
       0
       0
       0
       1
       2
       1
       1
       1
       2
       3
       2
       2
       1
       2
       2
       3
       2
       2
       2
       0
       6
       2
       4
       2
       3
       2
       6
       2
       5
       3
       2
       4
       1
       3
       0
       1
       2
       1
       1
       3
       0
       2
       0
       3
       1
       2
       0
       0
       3
       2
       2
       1
       1
       0
       0
       0
       0
       0
       2
       0
       0
       1
       1
       2
       2
       0
       0
       0
       1
       0
       1
       0
       1
       0
       0
       0
       0
       1
       0
       1
       1
       1
       2
       2
       0
       0
       0
       0
       2
       0
       1
       0
       1
       2
       0
       0
       2
       0
       0
       1
       0
       1
       0
       0
       1
       0
       1
       1
       2
       0
       0
       1
       1
       0
       0
       0
       0
       1
       0
       1
       2
       1
       1
       2
       0
       2
       0
       1
       0
       1
       0
       1
       0
       0
       2
       1
       0
       0
       1
       0
       2
       2
       1
       1
       0
       0
       3
       2
       0
       2
       1
       0
       1
       0
       0
       0
       0
       3
       2
       1
       2
       1
       0
       0
       2
       0
       2
       0
       1
       2
       1
       0
       1
       0
       0
       0
       0
       0
       0
       0
       2
       0
       0
       1
       0
       0
       2
       0
       0
       0
       1
       1
       0
       1
       0
       0
       0
       1
       1
       1
       1
       0
       0
       0
       0
       1
       1
       0
       0
       0
       0
       0
       0
       0
       0
       1
       0
       0
       1
       0
       0
       0
       0
       1
       0
       0
       0
       0
       0
       0
       0
       0
       0
       0
       0
       0
       0
       0
       0
       0
       1
       0
       0
       0
       0
       0
       0
       0
       2
       0
       0
       0
       0
       1
       0
       0
       0
       1
       0
       0
       1
       0
       0
       0
       1
       0
       0
       0
       0
       0
       0
       0
       1
       2
       0
       0
       0
       0
       0
       0
       0
       1
       0
       2
       0
       0
       1
       1
       0
       2
       0
       0
       1
       0
       0
       0
       0
       0
       0
       1
       0
       0
       0
       2
       0
       0
       1
       0
       0
       0
       0
       1
       0
       0
       0
       0
       0
       0
       0
       0
       0
       0
       0
       0
       0
       1
       0
       0
       0
       1
       0
       0
       0
       0
       0
       1
       1
       0
       1
       1
       1
       1
       0
       0
       1
       1
       0
       0
       1
       1
       1
       0
       0
       0
       0
       0
       0
       0
       0
       0
       0
       1
       0
       1
       0
       0
       0
       0
       2
       0
       0
       0
       0
       0
       1
       0
       0
       0
       0
       0
       0
       0
       1
       0
       0
       0
       0
       0
       0
       1
       0
       1
       0
       1
       2
       0
       0
       0
       0
       0
       0
       0
       0
       0
       0
       0
       0
       0
       1
       0
       0
       0
       0
       0
       0
       0
       0
       0
       0
       0
       0
       0
       0
       0
       0
       0
       0
       0
       0
       0
       0
       0
       0
       0
       0
       0
       0
       0
$ROI:
0
$PRESETS:
Live Time
120
0
$ENER_FIT:
0.000000 0.000000
$MCA_CAL:
3
0.000000E+000 0.000000E+000 0.000000E+000 
$SHAPE_CAL:
3
0.000000E+000 0.000000E+000 0.000000E+000
