$SPEC_ID:
test1
$SPEC_REM:
DET# 1
DETDESC# DESKTOP-VMO734U digiBASE SN 56271
AP# Maestro Version 7.01
$DATE_MEA:
06/30/2022 20:52:21
$MEAS_TIM:
119 120
$DATA:
0 1023
       0
       0
       0
       0
       0
       0
       0
       0
      18
      12
      18
      16
      23
      23
      19
      24
      12
      22
      24
      24
      30
      26
      23
      33
      24
      26
      23
      22
      27
      33
      30
      41
      45
      58
      66
      74
      73
      64
      65
      54
      55
      36
      30
      35
      30
      30
      30
      30
      24
      30
      28
      26
      34
      39
      33
      33
      31
      37
      27
      27
      36
      26
      36
      31
      40
      38
      33
      30
      40
      31
      38
      48
      31
      24
      30
      35
      28
      35
      37
      31
      30
      34
      30
      36
      14
      29
      33
      21
      33
      32
      37
      30
      30
      24
      33
      23
      23
      27
      27
      39
      35
      37
      35
      42
      29
      22
      19
      26
      28
      29
      29
      35
      36
      32
      32
      31
      27
      26
      29
      23
      22
      34
      32
      28
      30
      30
      28
      32
      27
      27
      24
      34
      36
      26
      24
      30
      32
      31
      37
      40
      42
      36
      44
      42
      56
      53
      40
      57
      54
      55
      48
      47
      60
      59
      59
      61
      68
      57
      48
      67
      59
      57
      56
      47
      57
      51
      44
      38
      48
      37
      35
      39
      35
      33
      24
      23
      33
      27
      19
      33
      25
      13
      17
      13
      16
      21
      12
      19
      15
      16
      23
       9
      10
      10
      18
      22
      12
      15
      11
      11
      10
      11
      12
       9
       6
      13
      11
       9
       7
      10
      12
       6
       9
      13
       8
       9
       9
      17
       7
       8
       6
      10
      13
      10
      13
       4
       6
      10
       7
       8
       9
       6
      11
       8
      11
       2
       8
       3
       9
      10
       8
       8
       8
      10
       4
       7
      11
       9
      11
       9
       4
       9
       8
       4
       6
       5
       9
       7
       5
       9
       5
       6
       6
       6
       5
       6
       4
       6
       6
       3
       7
       6
       7
       8
       8
       6
       5
       2
       3
      10
       8
       3
       4
       3
       7
       3
       6
       7
       2
       2
       7
       6
       4
       6
       3
       4
       4
       4
       8
       3
       5
       5
       2
       3
       7
       4
       3
       2
       8
       5
       9
       7
       0
       1
       4
       2
       5
      10
       2
       4
       5
       3
       2
       2
       8
       3
       6
       6
       5
       5
       5
       6
       5
       5
       0
       3
       1
       2
       2
       1
       2
       8
       3
       3
       1
       4
       4
       4
       3
       3
       6
       1
       7
       1
       4
       2
       4
       3
       2
       1
       1
       4
       0
       3
       5
       1
       3
       2
       3
       1
       5
       4
       5
       9
       4
       5
       3
       5
       7
       4
       2
       5
       2
       5
       2
       2
       3
       3
       3
       6
       3
       2
       1
       3
       3
       3
       3
       4
       1
       3
       5
       4
       2
       3
       8
       1
       3
       2
       4
       2
       2
       2
       0
       3
       1
       1
       2
       1
       2
       5
       0
       1
       1
       1
       3
       3
       4
       4
       3
       2
       3
       5
       2
       2
       1
       2
       5
       1
       3
       2
       1
       2
       4
       0
       1
       4
       2
       2
       5
       6
       2
       3
       0
       2
       3
       0
       5
       3
       3
       3
       4
       2
       5
       1
       3
       1
       0
       2
       2
       2
       2
       2
       4
       5
       5
       3
       3
       4
       2
       3
       2
       2
       1
       1
       5
       1
       3
       4
       2
       2
       1
       3
       2
       2
       1
       0
       1
       2
       2
       3
       1
       2
       1
       2
       2
       0
       1
       0
       1
       1
       1
       3
       1
       1
       1
       0
       2
       0
       2
       2
       1
       0
       2
       3
       1
       1
       2
       2
       1
       2
       2
       0
       0
       4
       2
       2
       0
       1
       0
       0
       3
       0
       1
       0
       0
       4
       2
       3
       1
       1
       3
       1
       0
       1
       1
       0
       2
       3
       3
       1
       2
       2
       3
       0
       1
       1
       1
       2
       2
       2
       2
       4
       4
       2
       2
       3
       2
       3
       6
       4
       3
       2
       4
       2
       3
       2
       4
       3
       5
       2
       2
       3
       2
       4
       2
       4
       2
       3
       2
       4
       1
       1
       6
       2
       1
       0
       1
       2
       1
       3
       1
       0
       0
       1
       0
       1
       2
       2
       1
       1
       1
       0
       1
       0
       0
       0
       1
       1
       0
       2
       1
       0
       0
       2
       0
       0
       0
       1
       1
       0
       0
       1
       0
       2
       0
       0
       2
       0
       1
       0
       0
       1
       0
       0
       0
       0
       0
       0
       0
       2
       0
       0
       0
       1
       1
       0
       1
       0
       1
       0
       2
       0
       3
       0
       2
       1
       0
       1
       3
       2
       1
       0
       1
       0
       2
       0
       0
       0
       0
       1
       0
       1
       0
       0
       0
       1
       0
       0
       1
       0
       0
       1
       2
       0
       3
       0
       1
       1
       0
       0
       0
       1
       0
       0
       0
       2
       0
       0
       0
       1
       0
       0
       0
       0
       0
       0
       0
       0
       0
       0
       1
       1
       0
       0
       0
       0
       2
       0
       0
       0
       1
       0
       2
       0
       0
       0
       0
       1
       0
       1
       0
       1
       1
       0
       1
       0
       0
       0
       0
       0
       0
       0
       1
       1
       0
       0
       0
       1
       1
       0
       0
       0
       0
       1
       0
       0
       0
       1
       0
       0
       0
       0
       0
       0
       0
       1
       1
       0
       1
       0
       0
       0
       0
       1
       1
       0
       0
       1
       1
       0
       0
       0
       0
       0
       1
       0
       0
       0
       3
       2
       0
       0
       1
       0
       1
       0
       2
       2
       0
       0
       0
       0
       1
       1
       0
       0
       0
       0
       0
       1
       1
       0
       0
       0
       0
       0
       0
       0
       0
       0
       0
       0
       0
       1
       1
       2
       0
       0
       0
       1
       1
       0
       0
       0
       0
       0
       0
       2
       0
       0
       0
       0
       0
       1
       1
       1
       1
       0
       0
       0
       0
       1
       0
       0
       0
       0
       0
       0
       0
       0
       0
       1
       0
       2
       0
       0
       0
       0
       0
       0
       0
       4
       0
       2
       0
       0
       0
       1
       1
       0
       0
       0
       0
       0
       0
       2
       0
       0
       0
       0
       0
       0
       0
       0
       0
       0
       1
       0
       0
       0
       0
       0
       0
       0
       0
       0
       0
       1
       0
       1
       0
       0
       0
       0
       0
       0
       0
       0
       1
       0
       0
       0
       0
       0
       0
       1
       0
       0
       0
       0
       0
       1
       0
       0
       0
       0
       0
       0
       0
       0
       0
       0
       0
       0
       0
       0
       0
       0
       1
       0
       0
       0
       0
       0
       1
       0
       0
       0
       0
       0
       0
       0
       0
       0
       0
       0
       0
       0
       0
       0
       1
       0
       2
       0
       0
       0
       0
       0
       2
       0
       0
       0
       0
       1
       1
       0
       0
       1
       0
       0
       2
       1
       0
       0
       3
       0
       0
       1
       1
       0
       0
       0
       0
       1
$ROI:
0
$PRESETS:
Live Time
120
0
$ENER_FIT:
0.000000 0.000000
$MCA_CAL:
3
0.000000E+000 0.000000E+000 0.000000E+000 
$SHAPE_CAL:
3
0.000000E+000 0.000000E+000 0.000000E+000
