$SPEC_ID:
test1
$SPEC_REM:
DET# 1
DETDESC# DESKTOP-VMO734U digiBASE SN 56271
AP# Maestro Version 7.01
$DATE_MEA:
06/30/2022 19:11:25
$MEAS_TIM:
119 120
$DATA:
0 1023
       0
       0
       0
       0
       0
       0
       0
       0
      10
      15
      18
      16
      11
      13
      18
      11
      16
      12
      21
      18
      20
      28
      22
      19
      19
      10
      12
      14
      18
      33
      26
      29
      29
      44
      48
      48
      47
      43
      48
      43
      47
      44
      32
      41
      32
      28
      19
      22
      21
      20
      20
      20
      18
      13
      31
      22
      24
      30
      26
      24
      32
      29
      22
      23
      27
      27
      24
      22
      37
      33
      21
      22
      25
      20
      23
      30
      26
      26
      24
      35
      41
      23
      22
      27
      33
      28
      19
      25
      26
      25
      23
      26
      25
      24
      14
      24
      26
      26
      18
      21
      21
      25
      18
      18
      16
      23
      19
      24
      23
      18
      18
      19
      17
      23
      14
      28
      12
      21
      23
      18
      22
      21
      15
      19
      16
      21
      23
      14
      20
      23
      22
      28
      17
      21
      20
      17
      30
      23
      22
      21
      31
      29
      33
      28
      28
      24
      31
      27
      37
      44
      40
      48
      45
      49
      49
      42
      50
      48
      59
      51
      31
      47
      52
      38
      33
      39
      28
      48
      33
      30
      32
      30
      26
      21
      19
      18
      13
      15
      17
      22
      15
      13
       8
      16
      12
       7
      14
       8
      12
      13
      17
      12
      11
      20
      13
      15
      17
      12
      14
       8
      12
       9
       8
       8
      19
       4
      10
       9
      15
       5
      15
      14
       7
      13
      14
      11
      16
      10
      11
      10
       9
       9
      11
      12
       9
       6
      10
       9
      13
       8
      12
      12
       9
       9
       8
       6
       8
       8
       7
       7
       8
       6
       7
       7
       7
       7
       5
       3
      11
       9
      12
       6
       7
      10
       5
       5
       9
      12
      17
       8
       4
       7
       8
       7
       4
       9
       7
       9
       5
      11
       5
      10
       8
       6
       4
      11
       6
       7
      11
       7
       5
       4
       6
       9
       6
       7
       8
      12
      11
       9
       3
       2
       2
       4
       6
       5
       8
       4
       6
       2
       5
       6
       3
       2
       4
       7
       5
       1
       3
       2
       9
       6
       7
       4
       8
       2
       4
       7
       4
       7
       1
       3
       4
       6
       2
       4
       2
       7
      10
       4
       3
       4
       4
       7
       8
       8
       9
       7
       8
       5
       1
       2
       3
       3
       3
       3
       2
       5
       4
       4
       2
       5
       5
       3
       3
       3
       4
       2
       5
       2
       3
       0
       4
       2
       1
       2
       4
       6
       4
       3
       4
       1
       4
       8
       3
       2
       3
       3
       3
       7
       6
       1
       2
       6
       4
       5
       5
       4
       4
       4
       2
       1
       5
       1
       2
       5
       1
       4
       4
       3
       1
       3
       4
       3
       3
       5
       4
       3
       3
       5
       0
       4
       4
       5
       3
       5
       3
       3
       3
       1
       2
       0
       5
       2
       2
       2
       2
       3
       2
       5
       4
       4
       4
       1
       2
       3
       2
       4
       2
       1
       3
       3
       0
       0
       0
       0
       1
       3
       2
       3
       1
       1
       3
       0
       1
       3
       2
       1
       4
       3
       4
       2
       1
       0
       1
       1
       2
       5
       4
       3
       3
       1
       4
       3
       2
       4
       6
       4
       2
       2
       0
       3
       6
       0
       4
       1
       3
       2
       5
       2
       1
       1
       0
       1
       3
       1
       2
       5
       3
       2
       0
       2
       2
       0
       2
       2
       0
       3
       1
       2
       2
       1
       3
       0
       2
       1
       1
       3
       2
       0
       2
       2
       1
       1
       3
       5
       3
       3
       2
       2
       1
       2
       7
       1
       2
       4
       2
       4
       0
       0
       6
       2
       1
       4
       1
       1
       0
       2
       3
       1
       1
       1
       2
       1
       1
       0
       2
       0
       3
       0
       0
       0
       2
       2
       0
       3
       2
       0
       1
       2
       2
       0
       2
       0
       1
       2
       1
       2
       0
       1
       2
       8
       3
       2
       2
       2
       3
       1
       3
       3
       1
       2
       7
       1
       3
       2
       2
       2
       4
       4
       5
       1
       3
       2
       3
       2
       4
       6
       1
       1
       0
       2
       2
       1
       3
       3
       1
       1
       3
       4
       3
       1
       0
       6
       2
       3
       2
       3
       2
       1
       3
       1
       1
       3
       2
       3
       2
       2
       0
       1
       0
       0
       0
       3
       0
       0
       2
       1
       1
       0
       0
       1
       1
       2
       1
       0
       0
       0
       0
       2
       0
       0
       2
       1
       1
       0
       1
       0
       1
       0
       0
       1
       1
       0
       0
       1
       1
       2
       1
       0
       0
       1
       1
       0
       0
       0
       0
       1
       0
       2
       0
       0
       0
       0
       0
       0
       1
       1
       1
       0
       0
       0
       0
       0
       2
       1
       1
       1
       1
       2
       0
       0
       1
       0
       0
       0
       0
       0
       1
       0
       0
       1
       0
       1
       0
       0
       0
       2
       2
       1
       0
       3
       2
       0
       1
       4
       1
       1
       0
       1
       0
       0
       1
       0
       1
       1
       0
       0
       0
       2
       0
       1
       1
       0
       0
       2
       0
       1
       2
       1
       0
       0
       1
       1
       1
       1
       0
       0
       0
       0
       0
       1
       0
       0
       1
       0
       0
       0
       0
       1
       1
       0
       0
       0
       0
       0
       1
       1
       0
       1
       0
       0
       0
       0
       1
       0
       0
       0
       0
       0
       0
       1
       0
       0
       0
       0
       0
       0
       0
       0
       0
       0
       0
       1
       0
       0
       1
       0
       0
       0
       0
       1
       0
       1
       0
       0
       0
       0
       0
       0
       1
       0
       0
       0
       0
       0
       0
       1
       0
       0
       0
       0
       0
       0
       0
       0
       1
       0
       0
       0
       0
       0
       0
       0
       0
       0
       0
       0
       1
       0
       0
       0
       1
       0
       1
       0
       0
       0
       0
       0
       0
       1
       0
       1
       2
       0
       0
       0
       0
       0
       0
       1
       0
       0
       0
       1
       0
       0
       1
       1
       1
       0
       0
       0
       0
       1
       1
       1
       1
       0
       0
       1
       0
       0
       1
       0
       0
       0
       0
       2
       1
       0
       0
       0
       1
       0
       0
       0
       0
       0
       1
       1
       0
       0
       1
       0
       0
       1
       1
       0
       1
       1
       0
       1
       0
       0
       0
       0
       0
       3
       1
       0
       0
       0
       0
       1
       0
       1
       0
       1
       0
       0
       0
       1
       0
       1
       0
       0
       0
       0
       1
       0
       0
       0
       0
       1
       2
       0
       1
       0
       0
       0
       0
       0
       0
       1
       0
       0
       0
       0
       0
       0
       0
       0
       0
       0
       0
       0
       1
       0
       0
       0
       1
       0
       0
       0
       0
       0
       1
       0
       0
       0
       0
       0
       0
       0
       0
       0
       0
       0
       0
       0
       0
       0
       1
       0
       0
       0
       0
       0
       1
       0
       0
       0
$ROI:
0
$PRESETS:
Live Time
120
0
$ENER_FIT:
0.000000 0.000000
$MCA_CAL:
3
0.000000E+000 0.000000E+000 0.000000E+000 
$SHAPE_CAL:
3
0.000000E+000 0.000000E+000 0.000000E+000
