$SPEC_ID:
test1
$SPEC_REM:
DET# 1
DETDESC# DESKTOP-VMO734U digiBASE SN 56271
AP# Maestro Version 7.01
$DATE_MEA:
06/30/2022 21:05:09
$MEAS_TIM:
119 120
$DATA:
0 1023
       0
       0
       0
       0
       0
       0
       0
       1
       9
      17
      12
      14
      10
      17
      22
      24
      21
      19
      16
      27
      23
      22
      25
      19
      21
      19
      16
      17
      18
      14
      19
      25
      43
      40
      61
      65
      67
      51
      45
      45
      39
      40
      27
      35
      40
      21
      34
      21
      25
      31
      21
      18
      29
      21
      33
      22
      33
      31
      25
      31
      21
      16
      27
      30
      29
      31
      30
      30
      29
      24
      24
      28
      19
      27
      25
      28
      38
      18
      22
      18
      24
      29
      26
      22
      26
      31
      27
      31
      30
      27
      20
      18
      31
      16
      27
      21
      21
      25
      27
      22
      21
      17
      24
      26
      22
      16
      22
      17
      17
      22
      14
      23
      23
      27
      19
      19
      20
      24
      22
      20
      14
      24
      21
      22
      15
      30
      15
      22
      24
      15
      27
      30
      28
      27
      20
      22
      26
      25
      34
      23
      11
      26
      40
      33
      32
      29
      39
      48
      29
      41
      41
      45
      56
      53
      40
      45
      49
      43
      32
      45
      33
      45
      37
      26
      30
      33
      32
      29
      43
      31
      25
      23
      20
      15
      16
      24
      22
      16
       9
      21
      18
      16
      13
      15
      16
      11
      18
       8
      13
      12
      12
      18
      13
       9
      14
      11
      13
      11
       9
       5
      16
      18
      13
      11
       8
       9
      13
      11
      13
      15
      11
      10
       8
      10
      10
       7
      10
      13
      11
      17
      10
      14
       8
       4
      12
       6
      15
       6
      16
      14
      15
      11
       8
       9
       4
       9
      13
      10
       8
      10
       7
       2
      10
      14
      13
       8
       4
       7
       3
       4
       5
       5
      11
       9
       6
       6
       3
      13
       2
       9
       3
       6
       9
       7
       7
       4
      10
       9
       7
       5
       5
       0
      11
       6
       6
       6
       8
       2
      12
       5
       6
       8
       6
       3
       2
       6
       4
       4
       3
       8
       8
       4
       3
       2
       9
       6
       2
       8
       9
       4
       5
       5
       3
       4
       4
       1
       6
       4
       7
       4
       0
       4
       4
       6
       6
       6
       3
       6
       5
       7
       2
       5
       5
       4
       0
       5
       5
       5
       1
       4
       2
       8
       4
       3
       5
       7
       5
       5
       2
       4
       2
       3
       7
       1
       3
       0
       1
       5
       3
       5
      10
       6
       2
       8
       2
       1
       6
       0
       5
       4
       2
       3
       5
       4
       3
       1
       3
       4
       0
       4
       1
       3
       5
       5
       0
       4
       2
       1
       4
       4
       2
       4
       3
       3
       1
       5
       3
       3
       2
       3
       5
       0
       4
       5
       2
       0
       6
       5
       4
       3
       2
       1
       2
       3
       1
       4
       2
       1
       3
       3
       3
       3
       4
       3
       1
       3
       4
       3
       1
       2
       6
       3
       1
       3
       2
       3
       2
       3
       2
       2
       0
       2
       1
       5
       2
       4
       3
       5
       2
       0
       5
       4
       3
       2
       4
       5
       4
       4
       3
       1
       3
       1
       0
       4
       3
       3
       3
       2
       7
       3
       5
       4
       3
       0
       2
       1
       4
       1
       2
       2
       1
       1
       2
       3
       1
       3
       1
       4
       4
       3
       1
       1
       5
       2
       1
       1
       1
       3
       3
       1
       1
       2
       0
       1
       1
       1
       1
       1
       1
       2
       2
       3
       1
       1
       1
       1
       0
       2
       1
       0
       2
       1
       0
       0
       2
       2
       1
       0
       0
       1
       1
       2
       1
       0
       0
       2
       1
       2
       1
       2
       0
       1
       3
       1
       1
       1
       0
       2
       1
       2
       0
       2
       1
       1
       0
       0
       3
       2
       1
       1
       3
       1
       2
       0
       0
       3
       2
       3
       1
       0
       4
       1
       1
       3
       3
       1
       0
       2
       0
       3
       3
       5
       4
       3
       1
       2
       1
       3
       0
       2
       3
       5
       3
       3
       2
       5
       1
       3
       4
       3
       3
       1
       5
       0
       1
       0
       2
       2
       2
       2
       2
       2
       0
       2
       0
       2
       0
       0
       0
       2
       2
       2
       1
       0
       1
       1
       1
       0
       0
       2
       0
       1
       0
       1
       1
       0
       3
       0
       1
       0
       0
       0
       0
       1
       0
       0
       0
       0
       0
       0
       1
       0
       0
       0
       0
       1
       1
       1
       2
       0
       1
       0
       1
       0
       2
       0
       2
       0
       0
       0
       1
       2
       0
       0
       1
       1
       0
       0
       0
       1
       1
       0
       0
       0
       0
       0
       0
       1
       0
       0
       1
       0
       0
       0
       1
       3
       1
       1
       0
       0
       0
       2
       0
       0
       2
       1
       0
       4
       0
       0
       0
       1
       0
       2
       0
       1
       1
       0
       1
       0
       0
       0
       0
       0
       1
       0
       1
       1
       0
       1
       2
       0
       0
       0
       2
       0
       3
       0
       0
       0
       3
       0
       0
       0
       0
       0
       1
       1
       0
       0
       0
       1
       0
       1
       2
       0
       0
       1
       0
       0
       0
       0
       1
       0
       0
       1
       1
       0
       0
       0
       0
       0
       1
       0
       0
       0
       0
       0
       0
       0
       0
       0
       1
       0
       0
       0
       0
       0
       2
       1
       0
       0
       0
       0
       1
       0
       0
       0
       0
       0
       0
       0
       0
       1
       0
       1
       0
       0
       0
       1
       0
       0
       0
       0
       0
       1
       1
       0
       0
       0
       1
       0
       1
       0
       0
       1
       1
       2
       1
       0
       1
       1
       1
       0
       1
       0
       1
       1
       1
       0
       0
       1
       0
       0
       0
       0
       0
       0
       0
       0
       0
       1
       1
       0
       0
       0
       0
       0
       0
       0
       1
       2
       0
       0
       0
       1
       0
       0
       0
       1
       1
       1
       0
       2
       0
       0
       0
       1
       1
       1
       1
       1
       0
       0
       0
       0
       0
       0
       0
       0
       0
       1
       0
       0
       0
       1
       0
       0
       0
       1
       0
       1
       1
       0
       0
       0
       0
       0
       2
       0
       0
       1
       1
       0
       0
       0
       0
       0
       0
       0
       0
       0
       0
       0
       0
       0
       0
       0
       0
       1
       0
       0
       0
       0
       1
       2
       0
       1
       0
       1
       0
       0
       1
       0
       0
       0
       0
       1
       0
       0
       0
       0
       0
       0
       0
       1
       0
       0
       0
       1
       0
       0
       0
       1
       0
       0
       0
       0
       0
       0
       0
       0
       0
       0
       0
       0
       0
       0
       0
       0
       0
       0
       0
       0
       0
       0
       0
       0
       0
       0
       0
       0
       0
       0
       0
       1
       0
       0
       0
       0
       0
       2
       1
       0
       1
       2
       0
       0
       0
       0
       1
       1
       0
       0
       0
       0
       2
       0
       0
       0
       0
       0
       1
       0
       0
       0
       0
       1
       0
       2
       0
       0
       0
       0
$ROI:
0
$PRESETS:
Live Time
120
0
$ENER_FIT:
0.000000 0.000000
$MCA_CAL:
3
0.000000E+000 0.000000E+000 0.000000E+000 
$SHAPE_CAL:
3
0.000000E+000 0.000000E+000 0.000000E+000
