$SPEC_ID:
test1
$SPEC_REM:
DET# 1
DETDESC# DESKTOP-VMO734U digiBASE SN 56271
AP# Maestro Version 7.01
$DATE_MEA:
06/30/2022 19:17:36
$MEAS_TIM:
119 120
$DATA:
0 1023
       0
       0
       0
       0
       0
       0
       0
       0
       3
      10
      10
       8
       7
      12
      14
       6
      12
      11
      17
      12
      11
      12
       8
      11
      18
       8
      15
      10
       9
      10
      10
      11
      19
      23
      27
      31
      32
      29
      32
      31
      28
      32
      37
      24
      20
      25
      14
      17
      17
      16
      24
       8
      14
      16
      15
      14
      11
      20
      24
      11
      10
      13
      15
      19
      13
      17
      12
      20
      16
       9
      17
      10
      17
      14
      13
      19
      20
      15
      10
      20
      20
      18
      20
      18
      18
      13
      17
      15
      18
      16
      10
       9
      10
      11
      10
      13
      11
      16
      20
      13
      21
      12
      18
       9
      21
      13
      18
      11
      15
       8
      10
      10
      11
      15
      15
      18
      13
      19
      11
      13
      14
      11
       6
      13
      16
      12
      14
      10
      13
      16
      12
      18
      13
      16
       9
      12
      20
      14
      18
      12
      10
      14
       4
      16
      12
      11
      19
      16
      20
      10
      10
      12
      16
      10
      21
      10
      16
      18
      10
      10
      15
      13
      13
      12
      16
       9
      14
      20
      12
      14
       8
      15
      19
       9
       5
       7
      14
      20
       7
       6
      10
      11
       7
      13
      10
       6
      11
      15
      14
      11
      12
       8
       9
       8
      12
       7
      14
       7
      19
      12
      11
       8
      10
      12
       5
      10
       8
      13
      12
      10
       6
      10
      14
      11
      17
      12
      10
       4
       8
      15
      16
       5
       6
       4
      12
       8
       6
       7
      15
       4
      11
       9
      12
       7
       9
       4
       4
       8
       3
      14
       8
       3
       7
       8
       7
       9
       6
      10
       6
       7
       5
       9
       3
       8
       5
       7
       9
       6
       5
       6
       9
      11
      14
       7
       7
       5
      10
      10
       5
       5
       4
       3
       3
       9
       4
       5
       3
       4
       7
       4
       1
      15
       6
       3
       4
       4
       6
       7
       4
       2
       4
       4
       4
       4
       6
       5
       8
       7
       8
       6
       5
       5
       2
       1
       4
       4
       4
       2
       3
       3
      10
       4
       3
       2
       7
       2
       1
       3
       1
       3
       8
       6
       5
       5
       2
       7
       4
       4
       3
       8
       5
       5
       6
       3
       5
       4
       8
       6
       1
       6
       8
       2
       2
       2
       5
       4
       3
       5
       2
       4
       3
       3
       3
       3
       2
       4
       3
       5
       3
       2
       0
       0
       1
       2
       3
       1
       3
       3
       4
       2
       3
       3
       4
       4
       4
       4
       1
       1
       1
       3
       9
       3
       2
       5
       3
       2
       2
       2
       4
       2
       3
       5
       3
       0
       3
       4
       4
       1
       0
       5
       3
       3
       1
       4
       0
       7
       2
       1
       2
       1
       4
       4
       4
       3
       5
       1
       3
       6
       4
       1
       3
       5
       5
       6
       4
       2
       2
       3
       1
       5
       5
       4
       0
       2
       1
       2
       1
       5
       2
       2
       5
       2
       0
       5
       3
       2
       5
       4
       2
       1
       3
       4
       1
       3
       3
       1
       0
       2
       4
       2
       2
       2
       5
       0
       0
       1
       3
       3
       4
       1
       1
       1
       2
       3
       1
       6
       8
       3
       2
       3
       3
       6
       1
       2
       0
       3
       2
       1
       4
       2
       1
       1
       1
       1
       0
       2
       0
       4
       2
       1
       3
       0
       1
       1
       3
       1
       5
       3
       0
       1
       3
       1
       1
       2
       1
       2
       4
       1
       2
       0
       2
       0
       0
       3
       2
       1
       2
       1
       0
       4
       2
       0
       1
       2
       4
       1
       2
       3
       1
       1
       0
       2
       3
       2
       2
       2
       1
       1
       2
       0
       0
       2
       1
       0
       1
       1
       0
       1
       0
       1
       2
       2
       1
       1
       3
       2
       0
       0
       3
       0
       0
       0
       0
       1
       1
       3
       1
       1
       1
       0
       1
       1
       3
       3
       3
       3
       1
       0
       0
       1
       1
       0
       1
       3
       1
       2
       2
       0
       1
       4
       4
       4
       1
       3
       6
       3
       5
       4
       2
       3
       3
       2
       3
       3
       3
       4
       3
       2
       1
       1
       0
       2
       2
       2
       3
       2
       4
       2
       2
       1
       2
       0
       3
       0
       2
       1
       0
       2
       0
       2
       2
       1
       2
       0
       1
       0
       2
       1
       1
       0
       0
       1
       3
       0
       1
       0
       1
       0
       2
       1
       0
       2
       1
       1
       4
       2
       0
       1
       1
       1
       0
       0
       0
       0
       0
       0
       1
       1
       0
       2
       0
       0
       1
       0
       1
       0
       0
       0
       0
       2
       1
       0
       1
       0
       0
       0
       1
       0
       0
       0
       1
       0
       0
       0
       1
       1
       0
       1
       0
       0
       1
       2
       3
       1
       0
       2
       0
       1
       2
       0
       1
       0
       0
       1
       2
       0
       2
       3
       0
       0
       0
       1
       0
       1
       1
       1
       3
       1
       0
       0
       1
       1
       0
       2
       2
       0
       1
       0
       1
       1
       1
       0
       0
       0
       3
       1
       1
       0
       0
       1
       0
       0
       0
       0
       1
       0
       1
       1
       1
       1
       0
       0
       0
       0
       1
       0
       0
       0
       0
       0
       0
       0
       0
       0
       1
       0
       1
       0
       1
       1
       0
       0
       0
       0
       0
       0
       0
       0
       0
       0
       0
       0
       0
       1
       1
       0
       0
       0
       1
       1
       0
       1
       2
       0
       0
       1
       0
       0
       0
       1
       0
       1
       0
       1
       0
       1
       1
       0
       0
       1
       1
       0
       0
       0
       0
       0
       0
       1
       0
       0
       2
       0
       1
       0
       0
       1
       1
       1
       0
       0
       1
       0
       0
       1
       0
       1
       0
       0
       2
       0
       1
       0
       0
       0
       1
       1
       1
       0
       0
       0
       1
       0
       0
       0
       0
       0
       0
       1
       0
       0
       1
       0
       0
       0
       1
       0
       0
       0
       0
       0
       0
       0
       0
       1
       0
       3
       0
       0
       0
       0
       0
       0
       0
       0
       0
       0
       0
       0
       0
       0
       1
       1
       2
       0
       0
       0
       1
       0
       0
       0
       0
       0
       0
       0
       0
       0
       0
       0
       0
       0
       0
       0
       0
       0
       0
       0
       1
       1
       1
       1
       1
       0
       0
       0
       1
       0
       0
       1
       0
       0
       0
       0
       0
       0
       1
       0
       0
       0
       2
       0
       0
       0
       0
       0
       1
       1
       0
       0
       0
       0
       0
       1
       0
       0
       1
       0
       0
       0
       0
       0
       0
       0
       0
       0
       0
       0
       0
       0
       0
       1
       0
       0
       1
       0
       0
       0
       0
       0
       0
       0
       1
       0
       1
       0
       0
       0
       0
       0
       0
       2
       0
       0
       0
       1
       0
       0
       0
       0
       1
       0
       0
       0
       0
       1
$ROI:
0
$PRESETS:
Live Time
120
0
$ENER_FIT:
0.000000 0.000000
$MCA_CAL:
3
0.000000E+000 0.000000E+000 0.000000E+000 
$SHAPE_CAL:
3
0.000000E+000 0.000000E+000 0.000000E+000
