$SPEC_ID:
test1
$SPEC_REM:
DET# 1
DETDESC# DESKTOP-VMO734U digiBASE SN 56271
AP# Maestro Version 7.01
$DATE_MEA:
06/30/2022 19:20:19
$MEAS_TIM:
119 120
$DATA:
0 1023
       0
       0
       0
       0
       0
       0
       0
       1
       5
      15
      16
       9
       9
      13
      20
      12
       6
      17
       9
      17
      14
      10
      22
      26
      23
      14
      12
      23
      14
      17
      19
      26
      31
      30
      31
      43
      59
      51
      41
      36
      38
      33
      33
      33
      28
      18
      26
      31
      22
      21
      17
      23
      27
      35
      15
      22
      29
      25
      27
      26
      20
      13
      35
      26
      32
      28
      28
      22
      22
      20
      27
      24
      27
      36
      29
      26
      33
      18
      22
      21
      21
      22
      22
      17
      27
      27
      15
      22
      18
      17
      19
      19
      21
      24
      31
      30
      14
      16
      32
      23
      17
      17
      21
      21
      25
      23
      17
      19
      30
      21
      15
      23
      24
      20
      21
      31
      22
      15
      24
      20
      19
      25
      18
      29
      21
      19
      31
      25
      28
      31
      33
      23
      40
      33
      26
      37
      40
      35
      44
      50
      48
      52
      45
      46
      42
      45
      51
      62
      50
      43
      42
      52
      30
      30
      33
      24
      19
      26
      24
      25
      14
      19
      19
      15
      23
      10
      17
      14
      17
      18
      17
      14
      14
      15
      16
      10
       9
      12
      18
       5
      11
       9
      15
       9
      13
       5
      10
       7
      12
      15
      11
      18
      10
      11
       6
      11
      12
      13
      13
      10
      11
      12
      15
       6
      14
       8
      14
       9
       4
      13
      11
      11
      10
       7
       9
      15
      11
       9
       7
       9
      12
      12
      12
      13
      11
       9
       9
      10
       9
      15
      11
      10
       8
      13
       6
       6
       9
      10
       7
       5
       3
      10
       3
       4
       7
      12
       5
      10
       4
      11
       3
       4
      13
       8
       5
       5
       9
      11
       8
      11
       9
       3
       9
       3
       6
       5
       6
       3
       8
       5
       8
       5
      12
       4
       2
      10
       4
       6
       9
       6
      10
       8
       7
       6
       4
       2
       5
       5
       2
       4
       4
       3
       2
       6
       6
       5
       7
       2
       2
       3
       9
       2
       9
       9
       5
       2
       6
       6
       3
       2
       4
      10
      11
       3
       4
       1
       4
       6
       1
       7
       4
       2
       5
       6
       4
       3
       4
       1
       5
       7
       6
       2
       6
       5
       3
       1
       5
       4
       4
       1
       3
       5
       1
       4
       6
       5
       5
       3
       5
       2
       4
       8
       3
       2
       0
       5
       4
       5
       5
       4
       3
       4
       9
       2
       1
       3
       3
       3
       4
       4
       8
       4
       1
       5
       3
       2
      13
       3
       4
       3
       2
       0
       3
       4
       3
       4
       2
       2
       3
       6
       4
       5
       3
       4
       4
       3
       5
       7
       7
       3
       2
       1
       4
       5
       7
       5
       6
       5
       3
       1
       0
       3
       3
       4
       8
       2
       1
       6
       7
       2
       4
       5
       2
       2
       2
       1
       5
       3
       4
       1
       2
       0
       1
       2
       0
       2
       4
       2
       4
       2
       1
       2
       3
       2
       1
       2
       2
       2
       0
       3
       2
       2
       3
       3
       1
       4
       2
       3
       1
       3
       3
       2
       2
       2
       3
       2
       5
       2
       3
       4
       1
       0
       3
       3
       5
       3
       0
       2
       5
       3
       1
       2
       1
       2
       0
       2
       5
       3
       1
       2
       2
       5
       3
       3
       1
       0
       2
       2
       3
       1
       1
       0
       3
       2
       1
       0
       1
       2
       0
       2
       4
       1
       2
       0
       1
       1
       3
       1
       3
       1
       0
       2
       2
       2
       2
       1
       0
       3
       2
       0
       0
       1
       0
       2
       2
       2
       1
       2
       2
       0
       1
       3
       2
       0
       1
       2
       1
       1
       3
       1
       2
       0
       2
       1
       1
       3
       0
       0
       1
       1
       3
       1
       0
       1
       2
       2
       1
       1
       0
       4
       2
       4
       1
       2
       0
       4
       2
       2
       0
       0
       0
       1
       0
       2
       2
       2
       3
       5
       1
       2
       0
       2
       2
       4
       1
       4
       2
       3
       3
       2
       2
       2
       1
       4
       4
       5
       3
       4
       5
       1
       0
       3
       1
       2
       0
       1
       0
       4
       3
       3
       5
       3
       3
       2
       2
       1
       1
       0
       3
       3
       0
       2
       3
       2
       1
       2
       0
       1
       2
       2
       1
       1
       1
       0
       1
       1
       1
       0
       0
       0
       0
       1
       1
       0
       0
       0
       1
       1
       1
       2
       0
       0
       0
       4
       1
       1
       0
       1
       1
       0
       0
       0
       0
       0
       3
       0
       2
       2
       0
       0
       3
       0
       0
       2
       0
       1
       0
       2
       0
       0
       1
       0
       0
       0
       0
       1
       0
       0
       0
       0
       0
       0
       1
       2
       1
       0
       1
       0
       0
       0
       0
       1
       2
       0
       0
       0
       2
       0
       0
       1
       0
       0
       1
       1
       1
       0
       3
       2
       0
       0
       0
       0
       1
       0
       2
       0
       1
       0
       0
       0
       0
       0
       0
       0
       0
       1
       0
       0
       1
       1
       0
       0
       0
       1
       0
       0
       0
       0
       0
       0
       0
       1
       0
       0
       1
       1
       0
       0
       0
       0
       0
       1
       0
       0
       0
       0
       0
       0
       0
       0
       0
       1
       0
       0
       0
       0
       0
       0
       1
       1
       1
       1
       1
       1
       0
       2
       0
       1
       0
       2
       0
       0
       0
       0
       1
       0
       0
       0
       1
       0
       1
       0
       0
       1
       0
       1
       0
       0
       1
       0
       0
       0
       1
       0
       0
       0
       1
       0
       1
       0
       1
       1
       0
       1
       0
       0
       1
       0
       1
       0
       3
       0
       0
       0
       0
       0
       1
       0
       0
       0
       0
       0
       0
       0
       1
       1
       0
       0
       0
       0
       0
       0
       0
       0
       0
       0
       0
       0
       1
       0
       0
       0
       0
       0
       1
       0
       1
       0
       2
       0
       1
       0
       0
       0
       2
       2
       1
       2
       0
       0
       0
       0
       0
       1
       1
       0
       0
       1
       1
       0
       1
       1
       0
       0
       0
       0
       0
       0
       0
       0
       0
       0
       0
       0
       0
       0
       0
       0
       0
       0
       0
       0
       0
       1
       1
       0
       0
       0
       0
       0
       0
       0
       0
       0
       1
       0
       2
       3
       1
       0
       1
       0
       0
       0
       0
       0
       1
       0
       1
       0
       0
       1
       0
       1
       0
       0
       0
       0
       0
       0
       3
       0
       1
       0
       0
       0
       0
       0
       1
       0
       0
       0
       0
       0
       0
       0
       0
       0
       0
       1
       0
       0
       0
       1
       1
       0
       0
       1
       0
       0
       0
       0
       0
       1
       0
       0
       0
       0
       0
       0
       1
       1
       0
       0
       0
       0
       0
       1
       0
       0
       0
       0
       0
       0
       1
       0
       1
       0
       0
       0
       0
       0
       0
       0
$ROI:
0
$PRESETS:
Live Time
120
0
$ENER_FIT:
0.000000 0.000000
$MCA_CAL:
3
0.000000E+000 0.000000E+000 0.000000E+000 
$SHAPE_CAL:
3
0.000000E+000 0.000000E+000 0.000000E+000
