$SPEC_ID:
test1
$SPEC_REM:
DET# 1
DETDESC# DESKTOP-VMO734U digiBASE SN 56271
AP# Maestro Version 7.01
$DATE_MEA:
06/30/2022 20:56:10
$MEAS_TIM:
119 120
$DATA:
0 1023
       0
       0
       0
       0
       0
       0
       0
       0
      11
      11
      27
      15
      23
      20
      22
      25
      20
      20
      20
      24
      31
      24
      20
      15
      20
      25
      18
      24
      20
      31
      39
      37
      54
      64
      64
      77
      60
      70
      71
      51
      47
      32
      34
      30
      26
      29
      21
      37
      21
      29
      20
      26
      27
      26
      28
      33
      35
      35
      22
      30
      33
      22
      35
      31
      31
      26
      27
      30
      41
      34
      31
      31
      40
      30
      28
      36
      24
      40
      30
      34
      32
      40
      25
      34
      29
      34
      28
      28
      37
      31
      24
      22
      32
      24
      26
      26
      31
      32
      28
      33
      21
      24
      24
      23
      27
      21
      29
      26
      30
      20
      35
      23
      33
      24
      37
      33
      23
      24
      28
      29
      32
      31
      40
      37
      39
      30
      30
      39
      40
      47
      49
      46
      53
      60
      63
      60
      60
      51
      72
      55
      60
      75
      69
      69
      59
      69
      68
      75
      53
      46
      62
      47
      37
      43
      35
      24
      25
      26
      30
      28
      33
      28
      26
      16
      20
      17
      10
      15
      19
      24
      21
      18
       9
      21
      15
      19
      10
      15
      19
      15
      12
      17
      12
      10
      10
      15
      10
      17
      12
       5
      10
      12
      11
      10
       7
      13
       8
      13
      15
      16
      14
      10
      15
      12
       7
       8
      16
      11
      12
      10
      10
       7
       9
      11
       9
      10
       6
       9
      11
      19
      10
       8
       9
       7
       6
       8
      11
      12
       8
       7
       4
      11
       8
       8
       8
       7
      10
       7
       5
       7
       4
       7
       8
       5
       8
       9
       6
       4
       3
       4
       5
      10
       6
       6
      11
       3
       6
       7
       6
       7
      12
       5
       4
       4
       8
       5
      12
       5
       5
       6
       4
       6
       6
       2
       2
       7
      10
       5
       3
       4
       4
       7
       5
       2
       9
       6
       3
      13
       6
       5
       4
       4
       6
       5
       4
       4
       3
       8
       4
       5
       0
       2
       1
       2
       6
       4
       4
       5
       5
       7
       5
       2
       5
       5
       4
       5
       4
       8
       4
       7
       4
       0
       7
       3
       4
       5
       3
       3
       2
       7
       5
       5
       3
       2
       3
       5
       4
       2
       0
       6
       6
       4
       4
       2
       3
       2
       8
       5
       6
       2
       5
       2
       5
       2
       3
       5
       3
       4
       3
       4
       4
       2
       5
       5
       2
       3
       5
       4
       4
       3
       3
       3
       2
       2
       3
       4
       2
       2
       3
       2
       1
       3
       5
       4
       2
       5
       4
       1
       4
       3
       3
       7
       2
       3
       4
       3
       3
       1
       3
       2
       5
       3
       2
       3
       1
       0
       1
       2
       4
       3
       4
       4
       3
       2
       0
       6
       2
       5
       4
       3
       3
       3
       0
       1
       5
       4
       2
       3
       1
       0
       0
       0
       2
       3
       2
       3
       2
       1
       2
       4
       1
       3
       1
       1
       3
       3
       3
       2
       0
       3
       2
       2
       6
       1
       1
       2
       1
       5
       3
       2
       3
       5
       4
       1
       3
       2
       1
       2
       1
       3
       1
       2
       3
       3
       4
       2
       1
       4
       0
       0
       0
       0
       3
       0
       3
       2
       1
       2
       5
       1
       1
       5
       2
       2
       2
       2
       3
       1
       1
       2
       1
       2
       1
       1
       2
       2
       2
       4
       1
       1
       2
       0
       1
       1
       2
       0
       1
       0
       3
       1
       1
       1
       0
       1
       3
       1
       0
       1
       2
       0
       1
       0
       0
       0
       1
       0
       2
       2
       1
       3
       0
       3
       3
       2
       3
       2
       1
       1
       1
       0
       0
       2
       4
       0
       3
       1
       1
       1
       3
       1
       5
       2
       1
       1
       4
       2
       1
       0
       8
       3
       1
       0
       2
       1
       4
       4
       0
       3
       2
       4
       4
       3
       6
       2
       3
       4
       4
       2
       2
       5
       3
       1
       2
       4
       4
       3
       1
       4
       2
       1
       1
       2
       3
       3
       1
       3
       2
       1
       0
       1
       2
       0
       1
       1
       1
       2
       1
       3
       1
       0
       0
       0
       0
       2
       0
       0
       1
       1
       2
       1
       0
       0
       0
       1
       1
       1
       2
       1
       1
       0
       1
       0
       0
       0
       0
       0
       4
       0
       1
       0
       0
       1
       0
       0
       1
       0
       0
       1
       0
       0
       0
       2
       0
       0
       1
       0
       0
       0
       0
       0
       0
       1
       0
       0
       0
       1
       1
       0
       0
       1
       0
       0
       0
       1
       0
       0
       0
       1
       1
       0
       1
       0
       0
       0
       0
       0
       0
       2
       0
       2
       2
       1
       0
       0
       0
       0
       0
       0
       0
       0
       0
       2
       0
       1
       0
       1
       0
       1
       0
       0
       1
       1
       0
       0
       1
       0
       1
       0
       0
       2
       0
       0
       2
       0
       0
       0
       1
       0
       0
       1
       0
       0
       0
       1
       1
       0
       0
       0
       0
       0
       1
       0
       0
       0
       0
       0
       2
       0
       0
       0
       0
       0
       0
       0
       0
       1
       0
       0
       0
       0
       0
       1
       0
       0
       0
       0
       1
       0
       0
       0
       1
       2
       0
       0
       0
       1
       0
       0
       0
       0
       0
       0
       0
       0
       1
       0
       0
       0
       0
       0
       1
       0
       0
       0
       0
       0
       1
       1
       0
       0
       0
       0
       0
       0
       0
       1
       0
       0
       1
       0
       1
       0
       0
       0
       0
       1
       0
       2
       0
       0
       0
       0
       1
       1
       1
       3
       0
       0
       0
       0
       0
       0
       0
       0
       0
       0
       0
       0
       0
       1
       0
       0
       0
       0
       0
       0
       0
       1
       0
       1
       0
       0
       2
       0
       1
       0
       0
       0
       0
       0
       0
       0
       0
       0
       0
       0
       1
       0
       2
       0
       1
       1
       0
       1
       0
       2
       0
       0
       0
       0
       1
       1
       0
       0
       1
       0
       0
       0
       0
       0
       0
       1
       0
       0
       0
       0
       1
       0
       0
       0
       0
       0
       1
       0
       0
       0
       0
       0
       0
       0
       0
       0
       0
       0
       0
       0
       0
       1
       0
       1
       0
       2
       0
       0
       0
       0
       0
       1
       0
       0
       0
       0
       0
       0
       0
       0
       1
       0
       0
       0
       0
       0
       0
       0
       0
       0
       0
       0
       1
       0
       0
       0
       0
       1
       0
       0
       0
       0
       1
       0
       0
       0
       0
       1
       1
       0
       0
       0
       0
       0
       0
       0
       0
       0
       0
       0
       0
       0
       0
       1
       0
       0
       0
       2
       0
       0
       0
       0
       1
       0
       0
       0
       1
       0
       0
       0
       1
       0
       0
       1
       2
       0
       0
       1
       2
       1
       0
       0
       0
       0
       2
       1
       0
       0
$ROI:
0
$PRESETS:
Live Time
120
0
$ENER_FIT:
0.000000 0.000000
$MCA_CAL:
3
0.000000E+000 0.000000E+000 0.000000E+000 
$SHAPE_CAL:
3
0.000000E+000 0.000000E+000 0.000000E+000
