$SPEC_ID:
test1
$SPEC_REM:
DET# 1
DETDESC# DESKTOP-VMO734U digiBASE SN 56271
AP# Maestro Version 7.01
$DATE_MEA:
06/30/2022 21:00:48
$MEAS_TIM:
119 120
$DATA:
0 1023
       0
       0
       0
       0
       0
       0
       0
       0
      11
       9
      18
      17
      21
      15
      19
      17
      16
      14
      15
      17
      26
      10
      19
      20
      12
      21
      19
      11
      23
      26
      27
      28
      30
      44
      38
      44
      58
      40
      52
      43
      33
      29
      37
      28
      22
      29
      24
      24
      26
      24
      27
      22
      25
      20
      25
      24
      26
      24
      29
      32
      21
      16
      23
      36
      21
      31
      23
      26
      31
      21
      29
      17
      30
      19
      26
      34
      22
      24
      28
      24
      27
      13
      21
      24
      20
      24
      28
      22
      21
      23
      26
      28
      24
      22
      17
      27
      29
      26
      21
      23
      20
      24
      20
      19
      15
      23
      19
      37
      11
      27
      19
      21
      21
      21
      23
      19
      26
      14
      18
      31
      21
      15
      32
      29
      26
      35
      23
      25
      27
      45
      35
      37
      32
      43
      37
      54
      49
      48
      47
      45
      41
      56
      49
      42
      34
      35
      33
      41
      25
      38
      27
      34
      25
      26
      34
      24
      17
      23
      24
      20
      21
      24
      20
      18
      14
      10
      16
      11
      18
      19
      15
      11
      15
       6
      18
      10
      14
      16
      10
      12
      15
      13
      16
       9
       8
      12
      10
      13
       9
      14
      10
      11
       7
       8
      10
       9
      10
       9
       5
      13
       7
      10
      17
       7
      15
      14
      10
      10
      11
      13
      10
      12
       6
       7
      10
      11
      13
      14
       9
       7
       8
       7
      12
       3
       4
       8
      10
       6
       7
       4
       9
       7
       6
       8
       5
      10
       8
       6
       7
      10
      11
       5
       3
       4
       8
       7
       4
       9
       7
       8
       2
      10
       4
       7
       9
       7
      13
       3
       9
       7
      10
       4
       8
       4
       3
       6
       2
       6
       9
       6
       6
       2
       5
       4
       8
       6
       2
       6
       5
       7
       5
       7
       4
       5
       7
       4
       0
       5
       6
       2
       3
       0
       7
       2
       7
       4
       4
       4
       2
       4
       3
       3
       4
       4
       5
       3
       7
       4
       5
       2
       1
       2
       5
       6
       4
       4
       5
       6
       5
       2
       4
       3
       4
       6
       2
       4
       4
       3
       3
       3
       7
       4
       4
       5
       2
       3
       1
       4
       2
       3
       7
       5
       6
       4
       3
       1
       2
       4
       4
       5
       4
       0
       2
       2
       5
       5
       1
       4
       5
       5
       4
       1
       5
       1
       4
       2
       4
       2
       5
       4
       5
       7
       3
       5
       8
       5
       6
       0
       4
       3
       3
       0
       4
       2
       4
       2
       3
       2
       6
       7
       4
       6
       3
       5
       2
       1
       1
       4
       2
       3
       2
       6
       2
       0
       4
       0
       5
       7
       2
       1
       2
       2
       3
       1
       1
       2
       3
       5
       3
       3
       5
       1
       2
       1
       2
       3
       2
       4
       4
       4
       2
       1
       4
       2
       1
       2
       1
       3
       3
       4
       0
       4
       1
       3
       3
       1
       3
       5
       4
       5
       0
       4
       1
       3
       0
       0
       2
       3
       5
       1
       3
       2
       3
       2
       3
       3
       7
       3
       4
       2
       1
       1
       2
       1
       1
       2
       1
       1
       1
       5
       3
       4
       4
       0
       2
       4
       1
       0
       2
       2
       3
       2
       5
       2
       2
       3
       0
       4
       3
       2
       0
       2
       5
       0
       3
       0
       2
       5
       1
       2
       1
       1
       0
       2
       2
       5
       0
       3
       1
       1
       1
       2
       2
       1
       0
       5
       1
       1
       3
       0
       3
       0
       1
       0
       3
       1
       3
       1
       0
       2
       2
       0
       5
       1
       1
       1
       0
       4
       1
       3
       1
       1
       1
       1
       1
       0
       2
       1
       0
       1
       0
       1
       2
       3
       1
       0
       0
       2
       4
       2
       5
       0
       1
       3
       2
       2
       1
       3
       2
       1
       5
       2
       0
       6
       1
       5
       3
       3
       0
       1
       2
       4
       5
       4
       1
       0
       6
       3
       1
       3
       2
       5
       2
       3
       2
       2
       1
       1
       2
       3
       0
       1
       0
       1
       0
       1
       0
       0
       1
       2
       1
       3
       1
       3
       2
       0
       0
       2
       0
       3
       1
       0
       0
       0
       0
       2
       0
       1
       2
       1
       0
       1
       0
       0
       0
       0
       0
       3
       1
       0
       0
       0
       1
       0
       0
       0
       1
       0
       0
       2
       0
       0
       0
       0
       0
       1
       3
       0
       0
       2
       0
       2
       0
       0
       1
       0
       1
       2
       1
       1
       0
       0
       0
       0
       0
       1
       0
       0
       0
       2
       2
       2
       1
       0
       0
       0
       0
       3
       1
       1
       3
       2
       2
       1
       0
       1
       0
       0
       0
       0
       0
       0
       1
       0
       1
       0
       0
       1
       0
       1
       0
       0
       0
       1
       0
       0
       0
       0
       0
       1
       1
       0
       0
       1
       0
       2
       1
       0
       0
       1
       1
       0
       0
       0
       0
       3
       0
       2
       1
       0
       1
       0
       0
       0
       0
       0
       1
       1
       0
       0
       0
       0
       1
       0
       3
       0
       1
       0
       1
       0
       0
       0
       0
       0
       0
       0
       1
       1
       0
       0
       0
       1
       0
       0
       0
       0
       0
       0
       1
       0
       0
       0
       0
       0
       0
       1
       0
       0
       0
       0
       1
       0
       0
       0
       0
       1
       0
       0
       0
       0
       0
       0
       1
       1
       0
       0
       0
       0
       1
       0
       1
       0
       1
       0
       0
       0
       1
       0
       1
       0
       0
       0
       1
       0
       2
       1
       0
       1
       3
       0
       0
       0
       1
       0
       1
       0
       0
       0
       0
       0
       0
       1
       0
       0
       0
       0
       2
       0
       1
       1
       0
       0
       0
       1
       0
       1
       0
       0
       0
       0
       1
       0
       0
       1
       0
       0
       1
       0
       1
       0
       0
       0
       0
       1
       1
       0
       0
       1
       0
       2
       0
       0
       0
       1
       0
       0
       1
       0
       0
       0
       1
       0
       0
       1
       0
       1
       0
       0
       1
       0
       1
       1
       0
       0
       0
       2
       0
       0
       0
       0
       0
       0
       1
       0
       0
       0
       0
       0
       0
       0
       0
       0
       0
       0
       0
       0
       0
       0
       0
       0
       1
       0
       0
       0
       0
       1
       0
       0
       0
       0
       0
       0
       0
       0
       0
       0
       0
       0
       0
       0
       0
       0
       0
       0
       0
       0
       0
       0
       1
       0
       0
       0
       0
       1
       0
       0
       0
       0
       0
       0
       0
       0
       0
       0
       1
       0
       1
       0
       0
       1
       0
       0
       0
       0
       0
       0
       0
       1
       1
       0
       1
       1
       0
       0
       0
       0
       0
       0
       2
       0
       1
       1
       0
       1
       2
       0
       0
       1
       0
       1
       0
       1
       0
       0
$ROI:
0
$PRESETS:
Live Time
120
0
$ENER_FIT:
0.000000 0.000000
$MCA_CAL:
3
0.000000E+000 0.000000E+000 0.000000E+000 
$SHAPE_CAL:
3
0.000000E+000 0.000000E+000 0.000000E+000
