$SPEC_ID:
test1
$SPEC_REM:
DET# 1
DETDESC# DESKTOP-VMO734U digiBASE SN 56271
AP# Maestro Version 7.01
$DATE_MEA:
06/30/2022 18:27:00
$MEAS_TIM:
112 120
$DATA:
0 1023
       0
       0
       0
       0
       0
       0
       0
      88
    2230
    3474
    3521
    3646
    3709
    3643
    3639
    3776
    3881
    3912
    4001
    3983
    4176
    4201
    4217
    4201
    4125
    4075
    4076
    4143
    4180
    4285
    4320
    4483
    4829
    5297
    5900
    6473
    6856
    6775
    6496
    6174
    5718
    5496
    5236
    4939
    4684
    4537
    4256
    4189
    4184
    4004
    4118
    4210
    4039
    4073
    4140
    4123
    4331
    4268
    4276
    4180
    4254
    4304
    4339
    4344
    4221
    4405
    4264
    4422
    4440
    4460
    4463
    4614
    4489
    4517
    4538
    4632
    4618
    4683
    4821
    4779
    4859
    5055
    5116
    5165
    5437
    5465
    5573
    5472
    5657
    5694
    5739
    5612
    5508
    5510
    5538
    5382
    5614
    5476
    5298
    5436
    5490
    5320
    5542
    5220
    5374
    5269
    5296
    5244
    5221
    5118
    5141
    5110
    5237
    4922
    5125
    5075
    4948
    4999
    4975
    4900
    5010
    4838
    4827
    4834
    4864
    4805
    4813
    4760
    4803
    4821
    4749
    4839
    4913
    4829
    4748
    4795
    4750
    4848
    4937
    4869
    4808
    4781
    4786
    4681
    4828
    4828
    4771
    4752
    4706
    4798
    4832
    4846
    4821
    4901
    4725
    4861
    4797
    4917
    4914
    4800
    4806
    4874
    4763
    4824
    4836
    4865
    4899
    4970
    4869
    4925
    4887
    5000
    4988
    5009
    5110
    4925
    5092
    5079
    5024
    4956
    5156
    5072
    5112
    5102
    5173
    5221
    5081
    5067
    5071
    5082
    5112
    4958
    4905
    4957
    4891
    4839
    4799
    4589
    4631
    4501
    4442
    4372
    4158
    4042
    3987
    3810
    3738
    3597
    3364
    3378
    3116
    3079
    3047
    2923
    2905
    2734
    2729
    2573
    2528
    2465
    2494
    2364
    2324
    2266
    2282
    2269
    2213
    2155
    2141
    2075
    2028
    1980
    2054
    1980
    2002
    2022
    2020
    1879
    1927
    1909
    1906
    1927
    1976
    1929
    1950
    1896
    1980
    1891
    2067
    2045
    2017
    2056
    2127
    2157
    2223
    2297
    2281
    2399
    2540
    2569
    2716
    2794
    3115
    3316
    3469
    3754
    4143
    4572
    4967
    5374
    6180
    6703
    7532
    8526
    9282
   10568
   11497
   12855
   14442
   15624
   16779
   18007
   19458
   20518
   21789
   22481
   23455
   23876
   24436
   24057
   23951
   24038
   23099
   21893
   21202
   19649
   18303
   17101
   15543
   13868
   12615
   11011
    9790
    8411
    7420
    6300
    5390
    4557
    3918
    3196
    2697
    2323
    1942
    1603
    1271
    1126
     927
     821
     664
     573
     497
     398
     354
     306
     261
     263
     210
     201
     191
     148
     158
     133
     128
     110
     111
     111
     106
     130
      83
     106
     105
     101
      89
      87
      83
     105
      89
      86
      96
      93
      78
      76
     102
      75
      73
      76
      68
      98
      92
      74
      88
      80
      75
      71
      86
      79
      68
      81
      81
      74
      84
      71
      56
      73
      72
      73
      69
      75
      57
      69
      74
      73
      71
      77
      68
      57
      76
      85
      69
      53
      57
      61
      64
      62
      58
      63
      63
      74
      52
      60
      67
      60
      52
      59
      56
      72
      55
      57
      54
      50
      60
      59
      62
      61
      60
      50
      59
      50
      64
      55
      51
      52
      61
      59
      52
      56
      49
      45
      49
      68
      64
      51
      43
      52
      55
      53
      61
      63
      42
      51
      43
      45
      34
      47
      46
      47
      38
      34
      43
      28
      49
      40
      43
      37
      45
      35
      29
      39
      35
      41
      30
      49
      45
      31
      41
      41
      49
      32
      33
      38
      38
      32
      40
      32
      38
      29
      34
      31
      31
      34
      32
      25
      18
      25
      32
      32
      25
      24
      28
      28
      27
      19
      34
      24
      23
      35
      35
      24
      28
      30
      26
      39
      33
      16
      24
      26
      20
      17
      23
      26
      25
      31
      28
      29
      23
      23
      22
      24
      20
      28
      24
      19
      21
      21
      29
      23
      19
      23
      31
      16
      29
      29
      21
      21
      24
      24
      30
      27
      25
      20
      24
      23
      22
      24
      23
      25
      22
      23
      28
      22
      20
      24
      23
      26
      23
      30
      28
      19
      31
      21
      22
      21
      26
      24
      28
      20
      31
      35
      31
      17
      19
      17
      13
      21
      13
      20
      19
      14
      17
      13
      19
      12
      14
      12
      11
       7
      11
       7
       8
       7
       8
       1
       5
       6
       6
       1
       5
       8
       3
       4
       3
       4
       2
       4
       0
       3
       3
       2
       4
       4
       2
       4
       5
       1
       2
       3
       3
       1
       1
       4
       5
       4
       5
       3
       3
       1
       1
       3
       2
       2
       2
       1
       2
       2
       1
       2
       4
       1
       2
       2
       1
       1
       0
       0
       2
       0
       0
       3
       1
       1
       4
       0
       1
       1
       0
       1
       1
       0
       0
       0
       2
       0
       0
       0
       1
       2
       1
       2
       3
       0
       1
       1
       2
       0
       0
       2
       1
       0
       3
       0
       1
       2
       0
       0
       0
       0
       0
       0
       1
       0
       0
       3
       0
       0
       0
       0
       0
       1
       0
       0
       0
       2
       3
       2
       1
       1
       0
       1
       1
       2
       0
       0
       1
       0
       0
       0
       0
       2
       2
       0
       0
       1
       0
       2
       1
       0
       0
       1
       0
       1
       2
       1
       0
       0
       1
       1
       2
       1
       0
       0
       3
       0
       1
       1
       0
       0
       0
       0
       2
       2
       1
       0
       1
       1
       1
       0
       0
       0
       0
       1
       1
       2
       0
       0
       0
       1
       2
       1
       1
       1
       0
       0
       0
       0
       0
       1
       1
       1
       0
       0
       1
       0
       0
       0
       1
       0
       0
       0
       0
       1
       0
       0
       0
       0
       0
       0
       0
       2
       1
       0
       1
       0
       0
       0
       1
       1
       0
       1
       0
       0
       1
       1
       0
       0
       0
       0
       0
       1
       0
       1
       0
       1
       0
       0
       0
       1
       1
       0
       0
       0
       0
       0
       0
       1
       0
       0
       0
       1
       1
       1
       0
       0
       2
       0
       0
       2
       2
       1
       0
       0
       1
       0
       0
       0
       0
       1
       0
       0
       1
       0
       0
       0
       0
       0
       0
       1
       0
       0
       1
       0
       0
       1
       0
       0
       1
       0
       0
       1
       1
       0
       1
       0
       0
       0
       1
       1
       0
       0
       0
       1
       0
       0
       2
       0
       1
       1
       1
       0
       0
       1
       4
       0
       0
       0
       1
       0
       0
       0
       0
       2
       0
       1
       0
       0
       0
       0
       0
       0
       0
       1
       1
       0
       0
       0
       0
       0
       0
       0
       0
       0
       0
       0
       0
       1
       0
       1
       0
       1
       0
       1
       0
       0
       0
       0
       0
       0
       1
       0
       1
       0
       0
       1
       0
       0
       0
       1
       0
       0
       0
       0
       0
       1
       0
       0
       0
       0
       1
       0
       0
       0
       0
       0
       0
       1
       0
       0
       0
       1
       0
       0
       0
       1
       1
       1
       0
       0
       0
       0
       0
       0
       0
       1
       0
       0
       0
       0
       0
       0
       0
       0
       0
       1
       0
       0
       0
       0
       0
       0
       0
       0
       0
       0
       0
       1
       2
       1
       0
       0
       0
       0
       1
       0
       0
       0
$ROI:
0
$PRESETS:
Live Time
120
0
$ENER_FIT:
0.000000 0.000000
$MCA_CAL:
3
0.000000E+000 0.000000E+000 0.000000E+000 
$SHAPE_CAL:
3
0.000000E+000 0.000000E+000 0.000000E+000
